NLD,DEU,directed,892,1044954426
BEL,DEU,directed,783,880905458
USA,CHN,directed,2793,796993134
USA,CAN,directed,2788,795004577
USA,CAN,directed,350,787902421
CAN,USA,directed,349,757993927
CAN,USA,directed,2789,756778043
DEU,FRA,directed,834,750966573
FRA,DEU,directed,835,712682739
DEU,ITA,directed,862,684518698
SGP,BGD,directed,2065,620291989
JPN,CHN,directed,1208,578672008
USA,MEX,directed,2868,466682607
DEU,BEL,directed,782,457793460
USA,MEX,directed,1554,436533903
KOR,CHN,directed,1794,421778009
DEU,NLD,directed,891,410980769
DEU,GBR,directed,950,391592953
ITA,DEU,directed,863,365801929
SGP,MYS,directed,2115,326642942
AUT,DEU,directed,778,325079845
SGP,BGD,directed,118,324821363
SAU,IND,directed,1063,318394533
USA,BEL,directed,2778,308109804
DEU,AUT,directed,777,285931004
SGP,MYS,directed,1457,270993934
DEU,CHE,directed,2407,262690850
USA,NLD,directed,2876,245902472
SGP,CHN,directed,2075,236565427
DEU,CHE,directed,936,229625472
USA,JPN,directed,1331,220860957
USA,JPN,directed,2852,217304280
FRA,ESP,directed,2225,208774184
USA,KOR,directed,2900,189070352
SAU,CHN,directed,1968,188887000
USA,KOR,directed,1896,188100548
GBR,DEU,directed,951,186018391
CAN,CHN,directed,252,182974427
CSK,DEU,directed,810,167217702
DEU,ESP,directed,2229,163645553
USA,SGP,directed,2171,156948226
SAU,NLD,directed,2012,146190916
USA,SGP,directed,2911,140898235
JPN,KOR,directed,1839,137387981
DEU,ESP,directed,930,136932916
ESP,ITA,directed,2248,135785513
JPN,KOR,directed,1299,135665266
DEU,DNK,directed,565,135195329
DEU,SWE,directed,934,131129812
KOR,IND,directed,1828,128397813
USA,IDN,directed,1167,121438988
JPN,THA,directed,2537,119116143
USA,DEU,directed,956,118394040
DEU,DNK,directed,814,117480129
ESP,FRA,directed,2224,117276045
USA,IDN,directed,2842,116908304
JPN,SGP,directed,1308,116221470
JPN,THA,directed,1319,114892070
JPN,SGP,directed,2111,114809877
KOR,JPN,directed,1838,113108744
KOR,IND,directed,1060,112511206
KOR,JPN,directed,1300,111851085
JPN,MYS,directed,1427,111122529
SWE,DEU,directed,935,110712312
DEU,SUN,directed,830,107187566
NLD,ESP,directed,2266,106702322
SAU,BEL,directed,1962,105157760
USA,GBR,directed,2931,102190745
POL,DEU,directed,912,98840565
USA,ECU,directed,669,98221386
JPN,USA,directed,2853,97699391
SGP,IDN,directed,1150,97576477
JPN,USA,directed,1330,97536915
USA,VEN,directed,2936,96337623
JPN,IDN,directed,1124,93755230
SAU,IND,directed,1988,93536884
THA,CHN,directed,2515,93154341
JPN,IDN,directed,1249,92586238
USA,IND,directed,1086,92249910
USA,COL,directed,2796,92216913
JPN,MYS,directed,1264,92202348
BEL,ESP,directed,2185,91214544
USA,IND,directed,2840,91065166
ITA,ESP,directed,2249,91051112
FRA,CHE,directed,2404,90894111
USA,AUS,directed,2769,90059879
BEL,DNK,directed,535,87551777
CHE,DEU,directed,937,87462579
CHE,DEU,directed,2406,87136614
DEU,CHN,directed,799,85546383
DEU,USA,directed,2829,85091581
ESP,DEU,directed,2228,84937874
ESP,PRT,directed,1759,84614416
ESP,PRT,directed,2282,84599425
USA,PHL,directed,2893,84033163
USA,ECU,directed,2811,82174739
NLD,DNK,directed,594,80527093
SAU,SGP,directed,2031,80069148
USA,COL,directed,481,79523830
MEX,USA,directed,1553,79255043
ITA,CHE,directed,2427,78710250
ESP,DEU,directed,931,78313274
NOR,DEU,directed,900,77529240
USA,DEU,directed,2828,76771288
USA,AUS,directed,90,75181877
KOR,IDN,directed,1830,74396070
DEU,FIN,directed,701,73029266
DEU,USA,directed,955,72687833
SAU,SGP,directed,2149,69201823
COL,VEN,directed,482,69094286
USA,BRA,directed,230,68040589
KOR,IDN,directed,1145,67004767
SAU,FRA,directed,1981,66388749
CAN,IDN,directed,288,66256851
USA,BRA,directed,2784,66153927
SWE,DNK,directed,617,64777398
CAN,IDN,directed,1100,64140307
SAU,GBR,directed,2051,64047005
PRT,ESP,directed,2283,63042509
PRT,ESP,directed,1758,62474763
USA,CRI,directed,2799,62342754
SAU,ARE,directed,2049,60015295
USA,GTM,directed,2833,59929196
USA,CHL,directed,2792,59833121
NLD,CHE,directed,2448,59698345
USA,THA,directed,2574,57779577
FIN,BEL,directed,676,57129054
MEX,USA,directed,2869,56543766
USA,MYS,directed,1474,56143527
DEU,FIN,directed,826,56132528
USA,NGA,directed,2883,55857235
MEX,NLD,directed,1527,55683536
SAU,JPN,directed,1996,54550966
SAU,JPN,directed,1306,54433239
FIN,SWE,directed,751,54023825
SWE,FIN,directed,752,53779776
BRA,ARG,directed,129,53249743
USA,CHL,directed,401,52835371
USA,EGY,directed,2813,52454578
BRA,IND,directed,1006,52179919
NOR,DNK,directed,598,51922427
USA,PER,directed,2891,51577533
USA,THA,directed,2922,50909932
USA,SUN,directed,2821,49174481
BEL,CHE,directed,2361,48797368
SAU,IDN,directed,1148,48345341
USA,NZL,directed,1631,48302307
SGP,THA,directed,2161,47631018
ESP,GBR,directed,2307,46986098
USA,MYS,directed,2862,46881163
TUR,BEL,directed,2637,46022975
USA,NZL,directed,2879,46006476
DEU,JPN,directed,1240,45610448
BRA,IND,directed,171,45392231
NOR,FIN,directed,733,44278057
KOR,USA,directed,2901,44033693
YUG,DEU,directed,833,43859078
KOR,USA,directed,1895,43696180
DEU,NOR,directed,899,43389537
SAU,IDN,directed,1990,42282895
USA,ARG,directed,2766,42023862
KOR,SUN,directed,1812,40092974
HUN,DEU,directed,849,39780394
DEU,YUG,directed,832,39627146
SGP,THA,directed,2561,39520014
KOR,PHL,directed,1865,39293440
SGP,PHL,directed,2138,38916611
USA,ISR,directed,2847,38053871
DEU,IRN,directed,856,37699236
CHN,KOR,directed,1795,37120547
DEU,TUR,directed,2661,36471251
SAU,PAK,directed,2020,35705445
KOR,SGP,directed,2146,35668526
FRA,PRT,directed,1713,35520196
GBR,USA,directed,2932,35467049
DEU,PRT,directed,1716,35055892
KOR,SGP,directed,1876,34935084
DEU,IRL,directed,858,34821447
SAU,DEU,directed,923,34003234
DEU,IDN,directed,1113,33901030
AUS,NZL,directed,54,33359352
AUS,NZL,directed,1560,33160933
BRA,BEL,directed,135,33122651
JPN,DEU,directed,866,33041460
DEU,JPN,directed,865,32785599
USA,FRA,directed,2824,32560968
USA,DOM,directed,2809,32409349
CAN,AUS,directed,236,32194979
SAU,EGY,directed,1973,32021400
SAU,ARE,directed,2749,31857175
BEL,FIN,directed,677,31530750
JPN,DEU,directed,1239,31370471
CAN,AUS,directed,11,31262113
USA,HND,directed,2836,30959304
DEU,TUR,directed,945,30769867
DEU,KOR,directed,1818,30749409
DEU,PRT,directed,913,30492406
JPN,SUN,directed,1233,30455244
DEU,POL,directed,911,30021895
USA,PAK,directed,2887,29838490
BRA,USA,directed,229,29641274
ESP,CHN,directed,2195,29554597
AUT,CHE,directed,2356,29131540
USA,ITA,directed,2849,29041383
COL,CHL,directed,367,28790801
GBR,ESP,directed,2308,28759006
COL,CHL,directed,425,28489804
USA,SAU,directed,2907,28285216
AUS,CHN,directed,14,28275701
DEU,GRC,directed,840,28249246
NLD,TUR,directed,2689,27708343
CHE,ITA,directed,2426,27398202
SAU,VNM,directed,2056,27250370
DEU,IDN,directed,854,27222203
FIN,DEU,directed,827,27217130
CHE,FRA,directed,2403,27156985
FRA,DNK,directed,562,26939370
USA,TUR,directed,2717,26735004
ESP,DZA,directed,2173,26687788
USA,SAU,directed,2055,26583963
BRA,URY,directed,227,26561458
USA,PAN,directed,2888,26533979
USA,TUR,directed,2927,26360311
USA,ESP,directed,2312,25926861
ESP,NLD,directed,2265,25903169
CHN,JPN,directed,1209,25638442
FIN,DNK,directed,554,25486287
SGP,USA,directed,2912,25391476
PRT,BEL,directed,1685,25266366
NLD,FIN,directed,729,25040931
JPN,NLD,directed,1277,24737954
ESP,MAR,directed,2263,24377283
BEL,PRT,directed,1686,24354042
ARG,BRA,directed,130,24159862
SGP,USA,directed,2170,24015938
COL,PER,directed,466,23965754
THA,IDN,directed,2528,23869518
BRA,ITA,directed,176,23762426
DEU,KOR,directed,916,23430624
BRA,CHN,directed,143,23309679
ITA,TUR,directed,2677,23229254
BRA,CHL,directed,363,23149506
TUR,IRN,directed,2670,23136114
NLD,USA,directed,2877,23052479
SGP,IND,directed,2101,23040402
DEU,ISR,directed,860,23019672
FIN,DNK,directed,690,22919880
THA,IDN,directed,1158,22917278
COL,ECU,directed,433,22773187
JPN,PHL,directed,1292,22770278
USA,ARE,directed,2930,22720618
SAU,MYS,directed,1455,22631185
JPN,AUS,directed,1189,22468832
COL,ECU,directed,644,22460468
TUR,FRA,directed,2658,22375311
DEU,SGP,directed,2096,22342607
DEU,EGY,directed,821,22248081
DEU,CAN,directed,278,22106986
BRA,CHL,directed,141,21803594
AUS,IDN,directed,35,21740659
DEU,AUS,directed,28,21730973
ESP,BEL,directed,2184,21724941
BRA,USA,directed,2785,21711673
SGP,JPN,directed,1309,21708349
SAU,ESP,directed,2290,21283149
YUG,IND,directed,1023,21209331
CHN,SGP,directed,2076,21135288
IDN,SGP,directed,1149,21112240
MYS,SGP,directed,2116,21108832
SAU,JOR,directed,1998,21049221
FRA,USA,directed,2825,21007263
MEX,DEU,directed,885,20957388
NLD,PRT,directed,1743,20906960
KOR,NLD,directed,1852,20880166
CAN,IND,directed,286,20869292
ITA,TUN,directed,2614,20602933
AUS,IDN,directed,1090,20588902
PRT,ITA,directed,1729,20326212
QAT,SAU,directed,2026,20264100
SGP,JPN,directed,2110,20074742
JPN,AUS,directed,43,19816278
FRA,SAU,directed,1982,19739011
GBR,CHE,directed,2491,19466095
SAU,MAR,directed,2009,19407350
USA,JAM,directed,2851,19302264
SAU,THA,directed,2043,19270721
MEX,CHN,directed,1492,19268849
ITA,USA,directed,2850,19193938
DEU,THA,directed,2524,19180502
MYS,SGP,directed,1456,18965081
USA,ARE,directed,2758,18872649
CAN,IND,directed,1008,18742151
NLD,SAU,directed,2013,18738811
DEU,HUN,directed,848,18658828
KOR,PAK,directed,1861,18605500
DEU,CAN,directed,794,18518489
DEU,MYS,directed,1417,18452957
TUR,GRC,directed,2663,18434117
GBR,SAU,directed,2052,18433868
KOR,ITA,directed,1835,18305058
USA,JAM,directed,1184,18277340
DEU,SGP,directed,927,18173667
TUR,ITA,directed,2676,18167583
KOR,THA,directed,2557,18159494
ARG,CHL,directed,356,18150592
KOR,THA,directed,1886,18080559
SAU,AUS,directed,1955,17986425
BEL,IND,directed,1005,17950587
BRA,ESP,directed,2187,17940198
BEL,JPN,directed,1196,17815769
USA,ESP,directed,2913,17787425
BRA,NLD,directed,192,17704670
KOR,MYS,directed,1845,17683508
KOR,MYS,directed,1452,17666317
SAU,KEN,directed,2000,17613212
MEX,GBR,directed,1549,17587686
JPN,IND,directed,1248,17550455
BRA,ESP,directed,212,17508447
ESP,TUR,directed,2303,17446423
NLD,JPN,directed,1278,17418048
ESP,GRC,directed,2233,17366428
BRA,PRT,directed,204,17319129
BEL,TUR,directed,2638,17311639
SAU,TUN,directed,2045,17255304
ESP,TUR,directed,2704,17198459
VEN,COL,directed,483,16932924
JPN,ITA,directed,1256,16846286
DEU,CSK,directed,809,16811761
GBR,DNK,directed,628,16792875
SGP,LKA,directed,2342,16767115
USA,FIN,directed,763,16718772
JPN,BEL,directed,1195,16696813
SGP,IND,directed,1065,16656826
IDN,CHN,directed,1102,16567619
DEU,AUS,directed,775,16553128
BEL,IDN,directed,1095,16396347
JPN,GBR,directed,1326,16371550
SAU,PHL,directed,2022,16319963
BRA,PRT,directed,1688,16284882
CSK,TUR,directed,2647,16143333
CAN,KOR,directed,327,15883204
SGP,AUS,directed,2060,15851425
CAN,NLD,directed,312,15641439
CAN,KOR,directed,1792,15632129
ITA,PRT,directed,1730,15498728
ESP,EGY,directed,2212,15351922
USA,SLV,directed,2814,15335996
SAU,TUN,directed,2624,15142276
DEU,THA,directed,939,15024927
AUT,DNK,directed,530,14973102
SGP,AUS,directed,74,14928307
GBR,IDN,directed,1164,14903225
PRT,DEU,directed,914,14902803
KOR,IRN,directed,1832,14849144
SAU,SYR,directed,2041,14831880
DEU,NGA,directed,898,14828361
FIN,DEU,directed,700,14714016
FRA,FIN,directed,698,14658496
SAU,THA,directed,2559,14557255
FRA,JPN,directed,1237,14520541
MEX,DEU,directed,1511,14505828
HUN,TUR,directed,2666,14434765
GBR,SGP,directed,2168,14225981
BRA,ARE,directed,2723,14158887
JPN,IND,directed,1037,14151990
FIN,GBR,directed,759,14006382
SAU,ITA,directed,1994,13977249
BGR,TUR,directed,2641,13832353
GBR,JPN,directed,1327,13707921
USA,FIN,directed,2817,13626770
CHN,THA,directed,2516,13622809
TUR,DZA,directed,2633,13553845
SAU,MYS,directed,2005,13534315
SAU,AUS,directed,72,13530927
KOR,AUS,directed,1781,13487941
MEX,JPN,directed,1524,13237100
BRA,ARE,directed,223,13194000
DNK,DEU,directed,564,13071519
USA,TTO,directed,2925,13040268
FRA,TUR,directed,2659,13008611
SGP,LKA,directed,2154,12978449
ROU,TUR,directed,2699,12969703
MEX,BEL,directed,1481,12921462
BEL,SAU,directed,1963,12918120
DEU,MYS,directed,875,12806508
FRA,CAN,directed,275,12803071
USA,KEN,directed,2855,12796620
BEL,USA,directed,2779,12762039
USA,SWE,directed,2917,12749011
USA,IRL,directed,2845,12693261
USA,CHE,directed,2495,12653442
ISR,DEU,directed,861,12578187
CAN,THA,directed,2513,12525735
GBR,FIN,directed,760,12408090
DNK,DEU,directed,815,12404714
ROU,SGP,directed,1940,12397000
FRA,SGP,directed,2094,12319242
BRA,SAU,directed,1964,12297815
SAU,OMN,directed,1650,12210737
MEX,CHL,directed,382,12196598
THA,MYS,directed,1464,12193108
SUN,TUR,directed,2655,12175821
MEX,IND,directed,1044,12145894
ESP,SUN,directed,2221,12137498
DEU,MEX,directed,1512,12131992
KOR,AUS,directed,69,12068254
KOR,BEL,directed,1787,12027272
GBR,AUS,directed,88,11927819
GBR,CAN,directed,346,11880357
SWE,CHE,directed,2481,11794586
THA,MYS,directed,2539,11736655
CAN,DEU,directed,795,11735997
PRT,GBR,directed,1770,11643658
GBR,MYS,directed,1471,11501300
FRA,KOR,directed,1816,11486024
CAN,MYS,directed,1398,11393561
POL,KOR,directed,1868,11331245
DEU,SAU,directed,1984,11329371
BEL,SGP,directed,2067,11232639
CAN,DEU,directed,277,11197149
BRA,PRY,directed,199,11196805
CHN,IDN,directed,1103,11183149
BRA,PRY,directed,1660,11106871
MEX,JPN,directed,1272,11093806
CHE,GBR,directed,2490,11055554
CSK,IDN,directed,1105,11023636
SUN,SGP,directed,2092,10986949
CAN,SGP,directed,2073,10964615
ESP,TUN,directed,2302,10937268
JPN,NZL,directed,1280,10927365
JPN,NZL,directed,1593,10885522
TUR,DEU,directed,946,10881183
ESP,TUN,directed,2625,10861352
CAN,SGP,directed,332,10792800
CAN,PHL,directed,323,10710187
BRA,IDN,directed,172,10644687
CHN,MYS,directed,1400,10602757
SWE,ESP,directed,2296,10590361
FRA,IDN,directed,1111,10569212
NLD,SGP,directed,2126,10478383
AUS,MYS,directed,1385,10397329
BRA,GBR,directed,224,10374085
VEN,ESP,directed,2314,10330566
SAU,OMN,directed,2019,10186824
CHE,AUT,directed,2355,10140764
SGP,PAK,directed,2134,10127415
SAU,KOR,directed,1874,10122457
SAU,YEM,directed,2057,10087446
CAN,MYS,directed,304,9999034
BRA,DEU,directed,787,9990562
BRA,IDN,directed,1097,9981117
CAN,ARG,directed,234,9975375
DEU,SAU,directed,922,9916955
TUR,EGY,directed,2651,9829987
POL,IDN,directed,1141,9813824
ROU,SGP,directed,2147,9809556
ITA,DNK,directed,580,9739511
URY,BRA,directed,228,9686196
CAN,THA,directed,340,9663905
FRA,AUS,directed,25,9660003
HUN,IDN,directed,1115,9622151
MEX,CHL,directed,1490,9617904
PRT,FRA,directed,1712,9608406
PRT,DEU,directed,1715,9582700
ESP,CHE,directed,2297,9545575
SAU,LBN,directed,2002,9506124
DEU,IND,directed,1026,9497761
ESP,CHE,directed,2478,9439405
BRA,VEN,directed,231,9207832
JPN,IRN,directed,1251,9198984
POL,TUR,directed,2695,9181486
BEL,MYS,directed,1391,9162951
BRA,DEU,directed,164,9128723
KOR,BGD,directed,1786,9113036
DEU,IND,directed,852,9110921
THA,SGP,directed,2560,9071123
JPN,FRA,directed,1236,9054323
MEX,ESP,directed,2262,9033199
LBY,TUN,directed,2617,9015261
SAU,SWE,directed,2037,9008788
QAT,IND,directed,1058,8969862
THA,JPN,directed,2536,8924525
MEX,BRA,directed,190,8886154
CAN,ITA,directed,295,8825854
COL,BRA,directed,146,8704756
AUS,MYS,directed,45,8668861
FIN,NOR,directed,732,8657468
FRA,MYS,directed,1412,8635287
DNK,SWE,directed,616,8593658
GBR,TUR,directed,2716,8553019
MEX,ESP,directed,1541,8545646
COL,BRA,directed,421,8542112
THA,SGP,directed,2162,8507115
DEU,BRA,directed,165,8499710
JPN,SAU,directed,1305,8489505
AUS,PHL,directed,61,8484494
DEU,TUN,directed,2610,8386248
SAU,KWT,directed,2001,8259505
THA,JPN,directed,1320,8236196
FIN,JPN,directed,1229,8227682
GBR,PRT,directed,1771,8207100
FRA,TUN,directed,2609,8199551
DEU,ARE,directed,948,8107183
BEL,KOR,directed,1788,7987839
DEU,BRA,directed,786,7897895
DEU,LBY,directed,872,7837354
CAN,NZL,directed,1569,7791958
BRA,SAU,directed,208,7746250
CAN,NZL,directed,314,7726159
DEU,ARG,directed,773,7656684
SAU,ESP,directed,2034,7640718
AUS,SGP,directed,2061,7621730
DEU,SYR,directed,938,7609237
ARG,COL,directed,413,7573837
JPN,ESP,directed,2251,7568098
KOR,VNM,directed,1898,7561186
KOR,BGD,directed,115,7510485
MEX,ITA,directed,1522,7494661
AUS,SGP,directed,73,7476214
BRA,BOL,directed,137,7429514
JPN,ESP,directed,1311,7367684
FIN,JPN,directed,718,7354835
DEU,TUN,directed,944,7283449
MEX,GTM,directed,1513,7234355
BRA,CIV,directed,148,7198000
HUN,THA,directed,2525,7138000
USA,LKA,directed,2349,7126389
MEX,ARG,directed,1476,7117992
ISR,TUR,directed,2675,7112527
IDN,MYS,directed,1422,7106003
ISR,PRT,directed,1728,7017779
MEX,CYM,directed,1489,6994437
DEU,PAK,directed,902,6942650
DEU,MEX,directed,884,6911609
FRA,IND,directed,1024,6906891
SAU,TUR,directed,2701,6901304
CAN,JPN,directed,1205,6888187
ISR,USA,directed,2848,6846394
ROU,TUR,directed,1947,6839000
CAN,NGA,directed,316,6689687
SAU,BHR,directed,1959,6688925
COL,IDN,directed,446,6686320
SGP,NPL,directed,2124,6686100
KOR,TUR,directed,1890,6666061
GRC,TUR,directed,2664,6659202
FIN,CHN,directed,683,6656391
NLD,IDN,directed,1130,6644990
FRA,THA,directed,2522,6624874
CAN,GBR,directed,345,6621189
BRA,NGA,directed,195,6604875
MEX,PRK,directed,1501,6594792
ITA,SAU,directed,1995,6591819
NLD,ARE,directed,2743,6552130
SGP,KOR,directed,2145,6550815
CAN,JPN,directed,298,6550386
MYS,CHN,directed,1399,6517764
JPN,SAU,directed,1997,6516559
DEU,MAR,directed,886,6424435
COL,IDN,directed,1104,6423472
ESP,IRN,directed,2243,6364908
SGP,IRN,directed,2103,6356000
HUN,CHE,directed,2415,6310551
NZL,AUS,directed,1559,6305733
NZL,AUS,directed,55,6303880
ROU,DEU,directed,919,6228888
KOR,TUR,directed,2698,6203720
FRA,ARE,directed,2730,6194206
FIN,ITA,directed,716,6180310
USA,CHE,directed,2919,6107722
FRA,MEX,directed,1510,6070419
USA,LKA,directed,2915,6070209
AUT,TUR,directed,2635,6064599
DEU,ARE,directed,2731,6060941
CSK,CHE,directed,2385,6016478
ESP,IND,directed,1067,6005317
MEX,CHE,directed,1546,5991014
BEL,TUN,directed,2604,5971028
GBR,THA,directed,2572,5967485
USA,CIV,directed,2800,5934131
CHL,ARG,directed,355,5904290
SGP,KOR,directed,1877,5884294
BRA,CUB,directed,149,5880752
AUS,IND,directed,999,5879278
MEX,SLV,directed,1507,5868793
AUS,IND,directed,33,5859376
ROU,NLD,directed,1934,5842000
ESP,IRL,directed,2244,5807527
JPN,PAK,directed,1286,5795601
GBR,ARE,directed,2757,5793106
CHE,DNK,directed,2389,5763609
BEL,AUS,directed,6,5761972
CHE,DNK,directed,619,5731693
NLD,IND,directed,1047,5690271
GBR,BRA,directed,225,5682275
NOR,IND,directed,1051,5678687
CHN,DEU,directed,800,5656851
KOR,GBR,directed,1893,5650856
GBR,KOR,directed,1894,5631922
CHE,USA,directed,2494,5631636
CHE,USA,directed,2920,5615685
JPN,CAN,directed,299,5614370
ITA,CAN,directed,296,5603947
DEU,KEN,directed,869,5596828
JPN,CAN,directed,1204,5593038
BEL,NZL,directed,1564,5480472
SGP,MMR,directed,2123,5449890
SWE,PRT,directed,1761,5435134
DEU,COL,directed,438,5428277
ITA,CYP,directed,505,5399677
BEL,ARE,directed,2722,5377776
DEU,COL,directed,801,5376870
BEL,THA,directed,2510,5365742
AUT,ESP,directed,2181,5321206
PRT,TUR,directed,2697,5298172
CHN,USA,directed,2794,5278030
PRT,TUR,directed,1767,5274155
QAT,SGP,directed,2144,5249897
CHE,NLD,directed,2447,5249362
CAN,DNK,directed,540,5201607
BRA,IRN,directed,173,5200000
ESP,NGA,directed,2270,5192576
CAN,DNK,directed,261,5176788
ESP,AUT,directed,2180,5125225
THA,VNM,directed,2575,5118125
CSK,DNK,directed,548,5084222
ESP,LBN,directed,2254,5066389
BRA,PER,directed,200,5027434
CAN,BEL,directed,243,4994039
JPN,LKA,directed,2331,4966194
SUN,FIN,directed,695,4927058
USA,HTI,directed,2835,4924876
FIN,SUN,directed,694,4910758
KOR,SWE,directed,1881,4893358
PRT,ISR,directed,1727,4885121
ESP,IND,directed,2240,4872053
SWE,TUR,directed,2706,4849914
DEU,PHL,directed,909,4848066
IDN,MYS,directed,1125,4842081
ROU,IND,directed,1923,4840000
BRA,COL,directed,422,4786559
FIN,FRA,directed,697,4763122
QAT,MYS,directed,1450,4663937
CSK,FIN,directed,689,4661404
JPN,LKA,directed,1313,4624172
DEU,YEM,directed,960,4621945
ARG,PRY,directed,1659,4614255
NLD,MYS,directed,1435,4613477
CAN,PAK,directed,319,4602437
MEX,KOR,directed,1849,4572271
SAU,FIN,directed,744,4555562
ESP,IDN,directed,2241,4517799
POL,SGP,directed,2140,4511324
FIN,ESP,directed,2218,4476807
ITA,SGP,directed,2109,4476224
BRA,COL,directed,145,4428785
ESP,ARE,directed,2305,4426013
ROU,IND,directed,1061,4420573
MEX,IND,directed,1517,4414050
KOR,DEU,directed,917,4409149
DNK,NOR,directed,597,4396863
IRL,USA,directed,2846,4369328
PRT,EGY,directed,1705,4358686
USA,YEM,directed,2939,4352979
ESP,ISR,directed,2246,4350694
USA,NIC,directed,2881,4327811
BRA,ECU,directed,638,4321858
BRA,SUN,directed,160,4314500
ARG,USA,directed,2767,4260072
BRA,ECU,directed,154,4255336
ROU,YUG,directed,1914,4252000
ROU,GRC,directed,1920,4247000
BRA,SGP,directed,2069,4203574
MEX,DOM,directed,1504,4196773
COL,ARG,directed,412,4162178
TUR,SYR,directed,2709,4150201
MEX,ECU,directed,1505,4142904
KOR,GRC,directed,1820,4136687
ESP,IDN,directed,1152,4133905
THA,PAK,directed,2549,4128687
ESP,SYR,directed,2299,4127476
BRA,ZWE,directed,233,4111937
VEN,BRA,directed,232,4100046
YUG,TUR,directed,2657,4094976
NLD,NZL,directed,1600,4090415
USA,DNK,directed,631,4072747
THA,IND,directed,2526,4067500
BRA,AUS,directed,8,4055585
KOR,ARE,directed,1891,4054503
ESP,SGP,directed,2292,4045340
SWE,SGP,directed,2157,4036922
SAU,GRC,directed,1985,4008812
TUR,DEU,directed,2660,4003774
CHL,PER,directed,387,3988937
CAN,TTO,directed,2581,3978963
DEU,BGR,directed,789,3974991
SAU,DZA,directed,1953,3966862
SAU,TUR,directed,2046,3960874
HUN,FIN,directed,705,3957260
ESP,ARE,directed,2751,3924839
KOR,CAN,directed,328,3910044
SWE,KOR,directed,1882,3908987
CAN,FRA,directed,274,3906819
ROU,GBR,directed,1949,3906000
NOR,CHE,directed,2453,3905807
FIN,IDN,directed,709,3890474
DEU,CHL,directed,375,3889204
USA,BOL,directed,2782,3851659
JPN,ISR,directed,1254,3836330
ROU,DEU,directed,1917,3823000
ROU,CHE,directed,1942,3820000
SWE,THA,directed,2565,3800100
KOR,CAN,directed,1791,3799707
DEU,DZA,directed,769,3785068
ESP,KEN,directed,2253,3781913
PRT,GRC,directed,1718,3778615
ESP,DNK,directed,2208,3772367
ARG,ECU,directed,635,3770538
ROU,BGR,directed,1903,3743000
DEU,NZL,directed,1583,3739837
BEL,MEX,directed,1482,3717203
ITA,KOR,directed,1836,3713840
SAU,NZL,directed,1616,3703436
MEX,ECU,directed,656,3685665
SWE,MYS,directed,1460,3681941
AUS,PAK,directed,59,3680866
AUT,SAU,directed,1958,3679732
NLD,AUS,directed,52,3676406
ESP,SGP,directed,2153,3664327
ARE,SAU,directed,2050,3657406
USA,ZWE,directed,2941,3637217
ESP,CYP,directed,2203,3637041
PRT,CHN,directed,1694,3636851
CAN,ISR,directed,293,3611674
BRA,AUS,directed,131,3609516
DEU,VEN,directed,957,3592362
KOR,LKA,directed,1880,3528283
ESP,CYP,directed,518,3521342
ESP,DNK,directed,614,3499511
CHE,BEL,directed,2360,3483942
ESP,SAU,directed,2035,3480252
MEX,VEN,directed,1555,3462322
DEU,MLT,directed,879,3452144
HUN,IND,directed,1029,3441375
DEU,NZL,directed,894,3433137
KOR,KEN,directed,1840,3423500
KOR,CRI,directed,1798,3409261
MEX,BRA,directed,1485,3396048
CAN,CHL,directed,364,3395330
KOR,NZL,directed,1854,3391071
JPN,FIN,directed,719,3373694
DEU,CHL,directed,798,3341359
SWE,USA,directed,2918,3337938
JPN,MEX,directed,1271,3331760
ESP,CIV,directed,2201,3315694
TUR,ARE,directed,2713,3306999
KOR,LKA,directed,2340,3291296
JPN,MEX,directed,1525,3284961
POL,THA,directed,2553,3276362
JPN,FIN,directed,1228,3273880
MEX,URY,directed,1551,3256750
SAU,USA,directed,2054,3247397
NLD,THA,directed,2545,3236569
KOR,DEU,directed,1817,3232064
FRA,BRA,directed,163,3224335
HUN,DNK,directed,569,3199022
FIN,IDN,directed,1108,3194376
THA,IND,directed,1074,3182114
ITA,MYS,directed,1425,3176635
BRA,THA,directed,2511,3175968
JPN,BGD,directed,1194,3173658
POL,FIN,directed,738,3164847
FIN,TUR,directed,2653,3151232
FIN,ISR,directed,714,3140112
ITA,IDN,directed,1122,3137338
CAN,GTM,directed,282,3134972
SAU,FIN,directed,1976,3125375
FIN,THA,directed,2521,3123109
FIN,NLD,directed,728,3120063
MEX,CIV,directed,1498,3107687
KOR,NZL,directed,1613,3098474
NOR,ESP,directed,2272,3077272
USA,URY,directed,2934,3071258
USA,DNK,directed,2806,3048741
USA,BRB,directed,2777,3034874
USA,IRN,directed,2844,3003437
ESP,USA,directed,2311,2978682
SAU,LKA,directed,2341,2978228
DNK,FIN,directed,553,2975327
SAU,LKA,directed,2036,2967414
PRK,IND,directed,1015,2951279
JPN,BGD,directed,107,2950232
BRA,THA,directed,220,2935375
KOR,FRA,directed,1815,2921745
BRA,SYR,directed,219,2916000
ESP,SWE,directed,2295,2895806
ITA,AUS,directed,41,2891117
SGP,NZL,directed,2128,2862435
SAU,USA,directed,2908,2858510
CAN,CHL,directed,251,2848448
KOR,ESP,directed,1878,2847285
USA,SEN,directed,2909,2841580
DNK,FIN,directed,691,2840666
GBR,CHL,directed,397,2819239
CAN,IRL,directed,291,2813312
ITA,FIN,directed,717,2810674
SAU,CYP,directed,516,2803463
FIN,THA,directed,755,2789992
PRT,MAR,directed,1740,2783671
CHE,ESP,directed,2298,2766789
NLD,ISL,directed,984,2753653
ISR,ESP,directed,2247,2750535
ESP,SAU,directed,2289,2739031
SAU,CHE,directed,2471,2736118
CAN,AUT,directed,238,2732835
TUR,ARE,directed,2756,2709863
SWE,CAN,directed,337,2705150
ESP,COL,directed,2197,2702345
ARG,IND,directed,997,2692000
AUT,ROU,directed,1900,2680103
ROU,MYS,directed,1453,2666000
SGP,NZL,directed,1618,2663983
CHE,JPN,directed,2428,2663581
ITA,BRA,directed,177,2657841
FRA,MDG,directed,1345,2649174
USA,BGD,directed,2776,2648429
ITA,THA,directed,2535,2641362
TUR,NLD,directed,2688,2636312
GBR,IND,directed,1083,2615432
AUS,THA,directed,2504,2614688
LBY,TUR,directed,2684,2600000
ARE,SGP,directed,2166,2598929
JPN,VNM,directed,1335,2596741
ROU,USA,directed,1951,2577000
KOR,ESP,directed,2286,2558422
USA,MAR,directed,2872,2553400
CHE,ESP,directed,2477,2550053
CAN,IRN,directed,289,2549875
CHE,FIN,directed,754,2547735
CAN,VEN,directed,351,2547650
QAT,KOR,directed,1871,2541000
POL,MYS,directed,1447,2536749
QAT,LKA,directed,2339,2524812
POL,DNK,directed,604,2517835
ARG,DEU,directed,774,2510282
PRT,NGA,directed,1745,2507500
CAN,TTO,directed,341,2502834
AUS,THA,directed,83,2493774
TUR,IND,directed,1078,2492691
DEU,AGO,directed,772,2489641
BRA,BGD,directed,95,2480000
DEU,ISL,directed,980,2479435
DEU,ZWE,directed,962,2465840
CAN,EGY,directed,267,2465000
SWE,IDN,directed,1155,2458416
GRC,CYP,directed,497,2455669
AUT,IND,directed,1000,2452506
FIN,ESP,directed,748,2446514
NLD,BRA,directed,193,2441692
ESP,THA,directed,2563,2420199
CAN,FIN,directed,682,2418713
ESP,THA,directed,2300,2388435
FIN,MYS,directed,1408,2386946
QAT,BGD,directed,114,2380949
CHE,FIN,directed,2395,2378450
KOR,EGY,directed,1806,2377429
PRT,PAK,directed,1748,2373750
TUR,ESP,directed,2304,2368832
CHE,SWE,directed,2480,2365908
SGP,ARE,directed,2165,2359932
TUR,ESP,directed,2703,2341562
ESP,COL,directed,473,2336749
TUR,JOR,directed,2679,2329476
ROU,HUN,directed,1921,2319000
DEU,ROU,directed,918,2303088
SAU,DEU,directed,1983,2302625
SAU,CYP,directed,1970,2290625
NLD,TUN,directed,2619,2279691
YUG,ARE,directed,2729,2278625
TUR,GBR,directed,2715,2276015
MEX,CUB,directed,1499,2265361
DEU,LKA,directed,2325,2237217
ESP,LBY,directed,2255,2235875
AUS,BGD,directed,4,2223937
IDN,JPN,directed,1123,2210565
KOR,ARE,directed,2746,2194030
SGP,NGA,directed,2130,2191397
DNK,GBR,directed,627,2190704
HUN,SGP,directed,2100,2177808
AUT,IDN,directed,1091,2154644
CAN,BRA,directed,140,2151859
FIN,EGY,directed,693,2148153
USA,BGD,directed,126,2144086
CAN,MEX,directed,1488,2141406
CHE,JPN,directed,1317,2136892
THA,AUS,directed,84,2120664
THA,AUS,directed,2503,2119331
ITA,JPN,directed,1257,2100796
ESP,PAK,directed,2274,2097130
JPN,CHE,directed,2429,2088731
IDN,PHL,directed,1139,2079463
TUR,IDN,directed,2669,2070874
SGP,NLD,directed,2125,2068611
NLD,CAN,directed,313,2053191
SWE,IND,directed,1071,2035569
CSK,IND,directed,1013,2033484
NOR,SGP,directed,2132,2031920
DEU,ISL,directed,850,2016541
MYS,THA,directed,1463,2014968
COL,USA,directed,480,2014940
COL,USA,directed,2797,2013932
CAN,ZWE,directed,354,2009468
USA,POL,directed,2895,1996508
FIN,MYS,directed,723,1994188
BRA,MYS,directed,1394,1967887
NOR,ARE,directed,2744,1967160
CAN,TUR,directed,2642,1967077
CHE,TUR,directed,2708,1965390
FIN,TUR,directed,757,1960637
NOR,MYS,directed,1439,1946005
SWE,ISL,directed,991,1943687
ESP,MYS,directed,1458,1942923
DEU,LBN,directed,871,1912306
USA,DZA,directed,2761,1910249
MEX,IRL,directed,1519,1910187
HUN,CYP,directed,498,1907674
USA,COD,directed,2805,1889093
SWE,JPN,directed,1315,1881277
QAT,AUS,directed,67,1881000
ROU,NGA,directed,1936,1877000
CAN,CHN,directed,404,1872376
DEU,PER,directed,908,1867770
SGP,PNG,directed,2137,1867278
NOR,ISL,directed,985,1847904
QAT,THA,directed,2555,1843500
CAN,URY,directed,348,1840808
HUN,USA,directed,2838,1835991
BHR,IND,directed,1002,1820875
USA,TUN,directed,2926,1819268
SGP,SAU,directed,2148,1819239
USA,TUN,directed,2630,1817520
BRA,JPN,directed,1200,1814577
SAU,BGD,directed,117,1812268
BRA,JPN,directed,179,1807437
JPN,BRA,directed,180,1802842
MYS,THA,directed,2540,1797882
THA,BGD,directed,123,1797094
TUR,CYP,directed,2646,1796203
JPN,BRA,directed,1199,1795473
DEU,ROU,directed,1918,1770067
SUN,DEU,directed,831,1765531
CAN,BRA,directed,247,1761439
CHE,NOR,directed,2452,1761399
IDN,JPN,directed,1250,1758667
CAN,CHE,directed,338,1743476
FIN,GRC,directed,703,1743418
POL,ROU,directed,1939,1730048
SGP,ARE,directed,2750,1724863
SGP,MUS,directed,2118,1721514
BRA,SGP,directed,210,1705590
DEU,JOR,directed,867,1700587
MYS,IDN,directed,1126,1696992
DEU,ECU,directed,650,1692603
GBR,NZL,directed,1629,1676410
DEU,CIV,directed,805,1656557
PRT,SEN,directed,1755,1649500
BRA,KOR,directed,206,1649390
HUN,TUN,directed,2612,1647319
NOR,KOR,directed,1860,1646016
ROU,ITA,directed,1928,1646000
TUR,LBY,directed,2683,1644529
MYS,IDN,directed,1421,1644129
SWE,SAU,directed,2038,1641508
BRA,KOR,directed,1790,1633894
DEU,CYP,directed,495,1631422
DEU,ECU,directed,820,1620711
JPN,DNK,directed,1220,1616363
GBR,CYP,directed,524,1611632
FIN,SGP,directed,2088,1608988
BRA,FRA,directed,162,1607289
CHN,BGD,directed,97,1604894
IDN,THA,directed,2529,1598675
KOR,ROU,directed,1872,1596812
JPN,ARE,directed,1325,1591360
USA,PRT,directed,1775,1589816
ESP,CHL,directed,2194,1567520
MEX,CRI,directed,1496,1567205
JPN,COL,directed,452,1559333
ESP,CHL,directed,392,1557861
ROU,IDN,directed,1146,1556250
JPN,CHE,directed,1316,1540134
GRC,SAU,directed,1986,1532877
SAU,NZL,directed,2014,1517499
ROU,BEL,directed,1901,1515000
JPN,DNK,directed,582,1500943
NOR,USA,directed,2885,1498249
DEU,BGD,directed,101,1497983
ARE,OMN,directed,1656,1497865
AUS,BGD,directed,92,1485406
ITA,IND,directed,1035,1484233
SGP,SAU,directed,2032,1480387
HUN,JPN,directed,1246,1469750
IDN,ITA,directed,1121,1469585
HUN,MYS,directed,1418,1467651
BRA,EGY,directed,156,1455245
JPN,COL,directed,1210,1447565
IDN,VNM,directed,1168,1446000
ITA,ROU,directed,1929,1441000
NZL,FJI,directed,1577,1440835
MEX,PRT,directed,1739,1440007
DEU,CRI,directed,804,1439606
CAN,ARE,directed,344,1434000
ISR,CHE,directed,2425,1429916
BRA,MYS,directed,186,1419500
ROU,JPN,directed,1302,1419312
USA,SUR,directed,2916,1418894
DEU,GHA,directed,838,1417924
NLD,TTO,directed,2593,1416224
IDN,THA,directed,1157,1413979
THA,BGD,directed,2508,1411068
KOR,VEN,directed,1897,1410500
SGP,BRN,directed,2070,1408529
SWE,AUS,directed,80,1408285
MEX,COL,directed,1494,1400631
JPN,AUT,directed,1191,1399999
FIN,SGP,directed,746,1397290
DNK,NLD,directed,593,1396824
PRT,SGP,directed,2142,1388686
AUS,PNG,directed,60,1383571
CAN,LBN,directed,301,1374209
PRT,SGP,directed,1756,1373437
TUR,SAU,directed,2700,1372386
BEL,CAN,directed,244,1372137
NLD,CHL,directed,383,1372131
CAN,CHE,directed,2370,1368149
THA,PHL,directed,2550,1364874
USA,TGO,directed,2924,1363750
CHE,TUR,directed,2486,1363694
DEU,LKA,directed,932,1358567
USA,JOR,directed,2854,1350902
PRT,IDN,directed,1142,1342218
ISR,CYP,directed,504,1335493
PRT,ARE,directed,1769,1330500
NOR,CAN,directed,318,1330329
ESP,JOR,directed,2252,1330143
IRL,ROU,directed,1925,1329000
YUG,PRT,directed,1711,1327000
ESP,USA,directed,2914,1326002
TUR,IND,directed,2667,1323500
IRL,DEU,directed,859,1315124
IDN,IND,directed,1116,1308687
CAN,SUN,directed,271,1308375
ESP,NIC,directed,2268,1300000
AUT,USA,directed,2772,1262921
ROU,CHE,directed,2468,1251000
MEX,PRT,directed,1536,1246986
SGP,PRK,directed,2081,1240949
AUT,FIN,directed,675,1239540
PRT,IDN,directed,1723,1238125
MYS,JPN,directed,1426,1231040
CHE,BRA,directed,218,1230383
CHN,IND,directed,1011,1224464
CAN,ARE,directed,2724,1220807
SAU,CHE,directed,2039,1219312
DEU,URY,directed,953,1216886
NLD,KOR,directed,1853,1215637
KOR,NGA,directed,1858,1215097
SAU,BGD,directed,1961,1210562
IND,ARE,directed,1080,1208734
CHE,SUN,directed,2399,1208540
PRT,CYP,directed,1699,1204500
GBR,TUN,directed,2629,1201754
AUT,THA,directed,2506,1196575
FIN,USA,directed,2818,1194482
NLD,CYP,directed,511,1193373
CHE,YUG,directed,2401,1183669
FIN,IRN,directed,711,1175213
SAU,QAT,directed,2025,1171718
BRA,MEX,directed,1486,1166225
KOR,CHE,directed,1883,1155625
BGD,TUR,directed,2636,1155000
CAN,DOM,directed,265,1154000
USA,OMN,directed,1658,1151759
AUT,CYP,directed,484,1148362
NLD,MEX,directed,1528,1147847
ROU,JPN,directed,1930,1147000
ROU,SUN,directed,1912,1143000
MEX,COL,directed,456,1137780
USA,YUG,directed,2822,1136535
COL,DOM,directed,432,1132875
PRT,ARE,directed,2745,1130464
PRT,CYP,directed,514,1130269
JPN,SWE,directed,1314,1128489
COL,TTO,directed,476,1118788
USA,DMA,directed,2808,1117096
BRA,NZL,directed,1567,1111022
DEU,CYP,directed,807,1109533
CHE,KOR,directed,1884,1107435
CAN,FIN,directed,269,1107073
USA,PRT,directed,2897,1105803
AUS,JPN,directed,1190,1100036
FIN,PRT,directed,1708,1096606
CAN,LKA,directed,2320,1091185
JPN,IRL,directed,1252,1089370
SGP,ISR,directed,2106,1088062
ESP,MEX,directed,2261,1081707
FIN,AUS,directed,21,1079216
SAU,SDN,directed,1979,1077085
VEN,CHL,directed,403,1075937
CHE,CHN,directed,2374,1075436
DEU,GTM,directed,843,1061548
VEN,ECU,directed,670,1054558
CAN,CIV,directed,256,1047000
COL,TTO,directed,2583,1043096
BRA,NZL,directed,194,1042425
IND,SAU,directed,1989,1041330
THA,LKA,directed,2346,1039369
FIN,USA,directed,762,1039033
ESP,MLT,directed,2259,1035485
GBR,TTO,directed,2598,1034893
FRA,LKA,directed,2324,1033738
MYS,JPN,directed,1265,1026955
JPN,TUR,directed,2678,1023126
DEU,TZA,directed,952,1022466
PRK,SGP,directed,2082,1020562
ROU,BGD,directed,116,1019574
TUR,PRT,directed,1768,1017633
ESP,FIN,directed,749,1013626
IDN,AUS,directed,1089,1006687
NOR,SAU,directed,2018,1004217
TUR,CHN,directed,2643,1000000
BRA,MEX,directed,189,999553
SAU,GUY,directed,1987,997937
ESP,MYS,directed,2258,996241
FRA,COL,directed,436,989924
AUS,LKA,directed,78,988861
CAN,LKA,directed,335,987000
ARG,IDN,directed,1088,986812
MEX,KOR,directed,1537,985125
MYS,MMR,directed,1433,984288
ESP,ARG,directed,2177,980519
ESP,MEX,directed,1542,980428
HUN,CHN,directed,407,977750
AUT,MYS,directed,1386,969694
GBR,COL,directed,478,967267
MEX,SGP,directed,1539,964283
COL,JAM,directed,1171,957179
IND,USA,directed,2841,944650
TUR,SUN,directed,2654,942787
FRA,OMN,directed,1639,942725
USA,NOR,directed,2884,941686
AUS,LKA,directed,2317,936973
FRA,CYP,directed,494,931336
ESP,YEM,directed,2315,926125
CHE,COL,directed,475,925381
THA,LKA,directed,2564,924125
CHE,AUS,directed,82,921380
IDN,IND,directed,1031,918531
BEL,CYP,directed,485,918141
COL,JAM,directed,451,913398
ESP,FIN,directed,2217,913114
DEU,BGD,directed,780,910608
USA,AUT,directed,2771,903322
FIN,PAK,directed,734,898894
ESP,CAN,directed,2192,895314
TUR,PAK,directed,2692,888011
FIN,MAR,directed,726,886088
CHE,PRT,directed,1763,880308
SAU,DNK,directed,610,877913
CHE,PRT,directed,2462,876927
ROU,AUT,directed,1899,871000
USA,TZA,directed,2933,870538
SUN,JPN,directed,1234,868228
USA,OMN,directed,2886,868224
ZWE,MWI,directed,1381,866050
KOR,SAU,directed,2027,864553
NOR,THA,directed,2548,862868
AUS,USA,directed,89,862491
AUS,JPN,directed,42,862462
KOR,CHE,directed,2466,857563
TUR,SAU,directed,2047,853517
PRT,LBN,directed,1733,853500
USA,GRC,directed,2831,850914
CAN,ESP,directed,2193,850901
IND,USA,directed,1085,850892
DEU,BOL,directed,785,849061
GBR,JAM,directed,1183,846004
MEX,HND,directed,1515,845643
BRA,CRI,directed,147,843486
COL,NIC,directed,459,839371
USA,BHR,directed,2774,839319
AUS,ITA,directed,40,832796
CHE,KOR,directed,2465,832428
VEN,USA,directed,2937,825293
CHE,CSK,directed,2384,824574
FIN,POL,directed,737,821594
USA,CMR,directed,2787,819583
CHE,MYS,directed,1462,817698
JPN,PRK,directed,1217,810006
CHE,GRC,directed,2410,803723
TUR,PRT,directed,2696,802272
HUN,PRT,directed,1721,800573
ROU,EGY,directed,1910,800000
SGP,SUN,directed,2091,799253
BRA,CYP,directed,486,797937
CHL,COL,directed,366,797125
DEU,ETH,directed,828,795916
CAN,MEX,directed,309,791601
DNK,FRA,directed,561,790928
ITA,MEX,directed,1523,789719
GBR,LKA,directed,2348,785308
JPN,TUR,directed,1323,783451
JPN,NGA,directed,1282,782179
ESP,CAN,directed,334,779824
PRT,SWE,directed,1760,772753
KOR,SAU,directed,1873,768810
CHL,COL,directed,426,767003
CAN,GRC,directed,280,761500
IND,BGD,directed,1003,759650
COL,PAN,directed,464,757991
AUS,KOR,directed,1782,754650
JPN,NOR,directed,1283,750334
MEX,PER,directed,1534,750301
ESP,YUG,directed,2222,749652
FIN,CHE,directed,2396,748857
CAN,JAM,directed,1169,747247
BRA,CYP,directed,150,739000
YUG,ESP,directed,2223,738250
DNK,BEL,directed,534,736959
ROU,SYR,directed,1944,734000
ISR,COL,directed,449,731125
USA,TTO,directed,2600,729905
USA,LCA,directed,2904,726540
CAN,TUR,directed,343,722750
FIN,NGA,directed,731,722154
NLD,COL,directed,458,718911
USA,GHA,directed,2830,718650
CAN,COL,directed,424,716191
CHL,BOL,directed,361,712928
DEU,KWT,directed,870,709474
FRA,CHN,directed,405,709271
CHN,LKA,directed,2321,708034
MEX,FRA,directed,1509,705624
JPN,POL,directed,1294,705464
KOR,LBY,directed,1843,701717
SGP,FJI,directed,2086,699518
BEL,BRA,directed,136,695687
SAU,ZWE,directed,2058,693000
MYS,ARE,directed,1468,692125
NLD,ROU,directed,1935,690000
USA,VCT,directed,2905,689281
PRT,KEN,directed,1732,687500
CHE,CAN,directed,339,683780
PRT,AUT,directed,1682,683374
SGP,GBR,directed,2167,682807
PRT,NLD,directed,1742,671699
SGP,FIN,directed,747,667625
PRT,YEM,directed,1776,667000
BRA,SEN,directed,209,666500
ESP,AND,directed,2174,663679
FIN,CYP,directed,491,661400
USA,MLT,directed,2865,659153
HUN,KOR,directed,1826,659000
DEU,OMN,directed,901,658733
BRA,CAN,directed,139,657000
ARE,IND,directed,1081,655275
ESP,BRA,directed,213,647521
CAN,ECU,directed,266,646370
QAT,OMN,directed,1648,645226
FIN,CYP,directed,687,643879
AUT,PRT,directed,1683,642889
ESP,ZWE,directed,2316,641804
SWE,BRA,directed,216,637631
DEU,BHR,directed,779,637280
IND,SUN,directed,1021,634658
DEU,ZMB,directed,961,634347
ITA,CHL,directed,379,633381
JPN,GRC,directed,1241,628062
SAU,TZA,directed,2053,625937
MYS,ARE,directed,2742,625526
SWE,NZL,directed,1623,623841
MEX,TUR,directed,2686,622917
SAU,AUT,directed,1957,621818
CSK,THA,directed,2517,620097
NZL,IDN,directed,1132,619568
IND,ARE,directed,2734,615727
CAN,SWE,directed,336,615166
POL,CHE,directed,2461,614155
DEU,DOM,directed,819,612367
GBR,MEX,directed,1550,611954
SGP,YEM,directed,2172,610500
DEU,OMN,directed,1640,610492
DNK,ITA,directed,579,609366
NOR,CYP,directed,512,608396
DEU,SLV,directed,822,604187
KOR,YUG,directed,1814,604000
CAN,MAR,directed,311,602000
JPN,BHR,directed,1193,600634
TUR,GIB,directed,2662,600000
AUS,NLD,directed,51,598663
DNK,GRC,directed,566,596804
ESP,BRA,directed,2186,595128
QAT,IDN,directed,1143,595125
CHE,ISR,directed,2424,594920
AUS,KOR,directed,68,594713
ESP,SEN,directed,2291,593562
CHN,CHE,directed,2375,591625
ROU,GHA,directed,1919,590000
ESP,COD,directed,2207,589000
USA,LBN,directed,2859,587356
MEX,THA,directed,2541,584612
CAN,JAM,directed,297,583795
FIN,PHL,directed,736,582726
JPN,ARE,directed,2739,579828
COL,BOL,directed,420,577101
USA,CYP,directed,2801,575311
THA,USA,directed,2573,567429
SWE,ARE,directed,2753,566639
AUS,USA,directed,2770,561117
CHE,AUS,directed,2353,560750
SGP,GHA,directed,2097,555898
NZL,IDN,directed,1586,555806
BRA,MAR,directed,191,555500
GBR,ISL,directed,994,555388
CHN,AUS,directed,15,552597
COL,MEX,directed,1495,549860
GBR,ECU,directed,666,548253
POL,BGD,directed,113,548250
CHE,CAN,directed,2369,548210
IRL,CHE,directed,2423,548202
FIN,IND,directed,1018,547560
ESP,KOR,directed,1879,545787
JPN,CSK,directed,1216,543765
BRA,PHL,directed,202,543468
CHE,IRN,directed,2420,540079
CHN,TUR,directed,2644,537773
GRC,IND,directed,1028,536000
SGP,PRT,directed,1757,535760
DEU,SEN,directed,924,535611
USA,FJI,directed,2816,534135
IND,SAU,directed,1062,533976
KOR,FIN,directed,1808,533250
ARE,MYS,directed,1469,532882
FRA,CHL,directed,374,532211
ESP,KOR,directed,2285,527556
CHE,BRA,directed,2364,527112
CSK,PRT,directed,1700,526312
MYS,SAU,directed,2006,525740
KOR,FIN,directed,742,522277
CHE,HUN,directed,2414,520407
CSK,ROU,directed,1909,520000
ESP,NOR,directed,2271,519035
AUS,FJI,directed,19,518944
ESP,CMR,directed,2191,518562
SGP,BEL,directed,2066,517305
FIN,LBN,directed,722,514745
COL,BEL,directed,418,514000
FIN,PRT,directed,739,513493
NZL,MYS,directed,1437,513259
USA,ROU,directed,1952,510000
ESP,ECU,directed,2211,507969
CHE,IDN,directed,2419,505772
THA,IRL,directed,2531,504000
USA,CYP,directed,525,502458
VGB,TTO,directed,2579,501110
SUN,ROU,directed,1913,501000
COL,NOR,directed,461,500000
PRT,LBY,directed,1734,500000
PAK,SGP,directed,2135,500000
DEU,COD,directed,813,498761
SAU,LBY,directed,2004,498750
NOR,AUS,directed,58,498716
SGP,TUR,directed,2702,498540
KEN,ARE,directed,2741,497875
CHN,CAN,directed,253,496448
COL,CHN,directed,427,495324
CAN,SAU,directed,330,495175
NOR,TUR,directed,2691,492868
PRT,IND,directed,1722,491500
PRT,MYS,directed,1449,490886
SGP,PRT,directed,2141,489894
ITA,ECU,directed,654,488336
GBR,BGD,directed,125,488265
CHE,IDN,directed,1156,486188
DNK,AUT,directed,529,484604
IDN,BEL,directed,1094,484475
SGP,OMN,directed,2133,484208
ROU,ESP,directed,2288,483062
MUS,DEU,directed,883,481375
THA,NLD,directed,2544,480437
JPN,FJI,directed,1227,479773
CHE,LBY,directed,2434,479729
CHE,SAU,directed,2040,477182
USA,BHS,directed,2773,476868
IND,KOR,directed,1829,475846
USA,ATG,directed,2765,474746
USA,SDN,directed,2820,472658
COL,MEX,directed,455,472124
HUN,COL,directed,444,469875
COL,AUS,directed,17,467500
COL,DEU,directed,802,464412
CHE,IRL,directed,2422,463867
MYS,PHL,directed,1445,462636
FIN,IND,directed,707,461641
CSK,ESP,directed,2205,454218
MWI,ZWE,directed,1380,453000
SGP,ESP,directed,2293,451125
ROU,ARE,directed,2747,450437
BRA,KWT,directed,182,450000
ROU,ARE,directed,1948,450000
HUN,ESP,directed,2237,449991
NZL,MYS,directed,1595,448930
DOM,USA,directed,2810,448374
CAN,COL,directed,254,448260
BRA,DNK,directed,537,445000
PRT,IND,directed,1057,443531
CHE,THA,directed,2567,442318
BRA,TTO,directed,2580,441459
YUG,SAU,directed,1980,440375
PHL,SGP,directed,2139,440182
KOR,ARG,directed,1780,438287
SGP,FRA,directed,2093,437737
PRT,CPV,directed,1689,435974
EGY,SAU,directed,1974,430559
CHN,SAU,directed,1969,427568
NLD,OMN,directed,1646,426916
FRA,NZL,directed,1580,425303
COL,GTM,directed,441,424642
FRA,ROU,directed,1916,424287
SGP,FIN,directed,2087,423281
ARG,ESP,directed,2178,422699
BEL,MDG,directed,1339,420000
ESP,TZA,directed,2309,419000
JPN,MMR,directed,1275,418526
ESP,ECU,directed,663,414029
IND,GBR,directed,1082,409755
FIN,NZL,directed,1579,409033
TUN,DZA,directed,2602,407596
USA,GUY,directed,2834,404519
FIN,GAB,directed,699,403506
MEX,CHE,directed,2441,402843
CHN,ESP,directed,2196,402773
USA,PYF,directed,2826,400634
MEX,CAN,directed,310,398141
DEU,PAN,directed,904,398118
COL,TUR,directed,2645,397375
JPN,EGY,directed,1225,397324
MEX,BOL,directed,1484,397199
MEX,SGP,directed,2120,397108
MEX,CAN,directed,1487,396454
SGP,ESP,directed,2152,396289
CAN,CUB,directed,257,395261
JPN,PRT,directed,1295,392958
JPN,PRT,directed,1731,392319
JPN,NPL,directed,1276,391230
NOR,JPN,directed,1284,390919
IDN,NGA,directed,1133,390000
NOR,PRT,directed,1747,388879
TUR,SWE,directed,2705,388000
FIN,CHE,directed,753,386760
IND,KOR,directed,1059,386511
BRA,GTM,directed,168,385186
DNK,FRO,directed,552,385156
SUN,AUS,directed,23,384000
BRA,TTO,directed,221,383203
MOZ,SGP,directed,2122,383000
ESP,LKA,directed,2343,383000
GBR,OMN,directed,1657,382348
BEL,ISL,directed,973,381743
SGP,AFG,directed,2059,381500
THA,MMR,directed,2542,380187
AUT,ARE,directed,2720,375070
JPN,ZMB,directed,1337,374000
ARE,IND,directed,2733,374000
ESP,LKA,directed,2294,373000
SGP,DEU,directed,928,372163
PRT,DNK,directed,606,370138
BRA,FIN,directed,158,368375
BRA,FIN,directed,678,365730
BEL,BGD,directed,94,363190
BRA,LBN,directed,183,362500
DNK,SAU,directed,1972,361879
DEU,CMR,directed,793,361862
FIN,ISL,directed,978,361473
CHE,SGP,directed,2475,360666
CHE,THA,directed,2483,360259
SAU,CAN,directed,1965,360000
JPN,VEN,directed,1333,359546
ESP,JPN,directed,1312,357910
DEU,MUS,directed,882,353502
NLD,JAM,directed,1179,352987
MYS,OMN,directed,1645,352778
COL,ESP,directed,2198,352375
NZL,SGP,directed,2129,350594
BRA,YUG,directed,161,350000
BEL,OMN,directed,1635,349522
CAN,HTI,directed,284,346500
PRT,GHA,directed,1717,346500
PRT,MRT,directed,1738,346500
CHE,SGP,directed,2159,345924
BGR,DEU,directed,790,344300
USA,GUY,directed,968,342669
ESP,PAN,directed,2275,342312
IRL,CAN,directed,292,341426
SGP,DEU,directed,2095,340068
ESP,JPN,directed,2250,339158
AUT,COL,directed,416,338706
NZL,SAU,directed,2015,337741
BRA,SUR,directed,214,337550
DEU,PRY,directed,1662,337424
USA,KWT,directed,2858,336632
ESP,VEN,directed,2313,336444
ESP,TGO,directed,2301,336000
DNK,CHE,directed,2390,335746
JPN,ARG,directed,1188,334781
MYS,PAK,directed,1441,334625
KOR,IRL,directed,1833,331812
SWE,CHL,directed,393,330562
COL,ESP,directed,472,329000
MYS,USA,directed,1473,328216
COL,GHA,directed,439,326500
BRA,KEN,directed,181,320589
DEU,AFG,directed,767,320364
FIN,ISL,directed,706,320308
MYS,PNG,directed,1444,319750
AUT,TUN,directed,2603,318896
JPN,KWT,directed,1261,317654
SAU,SLE,directed,2030,316011
SGP,SDN,directed,2090,315437
CHE,IND,directed,1072,314434
CHE,ROU,directed,1943,313250
FRA,ECU,directed,649,313154
TUR,LBN,directed,2681,312788
YUG,USA,directed,2823,312000
POL,ESP,directed,2281,310917
GBR,ROU,directed,1950,310773
DEU,SUR,directed,933,310398
SWE,CYP,directed,519,308656
FIN,NZL,directed,730,306905
POL,SAU,directed,2023,305125
USA,PNG,directed,2889,304500
IND,BGD,directed,103,304193
BRA,PAK,directed,197,303210
CAN,COD,directed,260,303000
DNK,POL,directed,603,302491
AUS,SAU,directed,1956,301624
USA,SYR,directed,2921,301122
FIN,CAN,directed,270,301101
SAU,NGA,directed,2016,300175
MYS,BGD,directed,1388,300101
ROU,LBN,directed,1932,300000
CAN,ECU,directed,639,298038
ITA,ARE,directed,2738,297944
JPN,CHL,directed,1206,297283
CAN,ZMB,directed,353,297000
SAU,NOR,directed,2017,297000
DNK,CHE,directed,618,296467
MYS,BGD,directed,108,294761
FIN,ARG,directed,671,294543
DEU,MWI,directed,1367,294021
IRL,ESP,directed,2245,292981
NZL,THA,directed,2547,290381
DNK,ISL,directed,570,290080
ESP,CUB,directed,2202,289543
CAN,BRB,directed,242,289500
HND,TUR,directed,2665,288000
BRA,COD,directed,151,286500
QAT,NZL,directed,1611,286500
MYS,SAU,directed,1454,286000
BGR,CYP,directed,487,285000
CSK,MYS,directed,1402,283842
CHE,ARG,directed,2352,283001
FIN,CMR,directed,680,281010
BHR,IDN,directed,1092,280500
ARG,AUS,directed,1,277769
DNK,ISL,directed,977,276880
SAU,ETH,directed,1978,276788
NLD,LKA,directed,2336,276059
JPN,NCL,directed,1279,275773
FRA,PRY,directed,1661,275687
JPN,CHL,directed,381,272089
PHL,USA,directed,2894,272062
CHL,JPN,directed,380,269375
USA,QAT,directed,2899,265260
GRC,DEU,directed,841,264962
CHL,JPN,directed,1207,264687
NLD,GUY,directed,965,263375
CHE,MYS,directed,2436,262776
YUG,CHE,directed,2402,261929
CAN,PER,directed,322,258500
PAK,IND,directed,1054,257312
PRK,TUR,directed,2648,256000
KOR,PRT,directed,1752,254822
NZL,SGP,directed,1617,253384
MEX,TUR,directed,1548,252398
CHE,POL,directed,2460,250969
IRL,DNK,directed,576,249681
ITA,LKA,directed,2330,247066
CAN,MLT,directed,306,245000
MEX,PAN,directed,1531,244564
BGR,IND,directed,1007,244000
KOR,COL,directed,470,240505
SAU,MLT,directed,2007,240261
SAU,NPL,directed,2011,240101
KOR,NPL,directed,1851,240097
TUR,CHE,directed,2707,240000
IND,SGP,directed,2102,239941
FIN,MRT,directed,724,239758
USA,ISL,directed,995,239516
THA,SAU,directed,2044,238818
THA,USA,directed,2923,237089
FIN,KEN,directed,721,237018
SGP,OMN,directed,1651,236666
USA,MRT,directed,2866,236453
MYS,OMN,directed,1440,235600
ARG,MYS,directed,1383,235511
MEX,NZL,directed,1597,234000
CHE,PAK,directed,2455,231596
ESP,GHA,directed,2230,230000
BEL,MWI,directed,1362,229170
ROU,SDN,directed,1911,228000
YUG,ROU,directed,1915,227090
SGP,QAT,directed,2143,227039
KOR,PRT,directed,1869,226000
DEU,PRY,directed,906,225579
TUR,LBR,directed,2682,225000
CHE,MAR,directed,2443,224572
ESP,SDN,directed,2220,224046
JPN,AFG,directed,1186,224000
CHE,EGY,directed,2393,223893
JPN,PER,directed,1291,223229
SWE,MEX,directed,1545,222737
THA,ARE,directed,2755,222347
CAN,SLV,directed,268,220000
BEL,CHL,directed,360,217055
KOR,COL,directed,1797,216000
PRT,ZWE,directed,1777,214999
COL,CRI,directed,429,214975
KOR,TUN,directed,2622,214812
PRT,BHR,directed,1684,214500
PRT,PHL,directed,1749,214500
DNK,SAU,directed,609,213652
KOR,TUN,directed,1889,213500
MYS,IND,directed,1042,213443
TUN,LBY,directed,2616,212213
NZL,PNG,directed,1607,211855
BRA,PAN,directed,198,210674
PRK,IDN,directed,1106,210624
CRI,KOR,directed,1799,209449
JPN,CYP,directed,506,208157
IND,IDN,directed,1030,207875
SUN,PRT,directed,1709,206750
IND,ITA,directed,1034,206522
NZL,USA,directed,2880,205619
CAN,PRT,directed,1691,204067
THA,ARE,directed,2569,204000
JPN,JOR,directed,1258,203769
PAN,BGD,directed,111,203000
ARE,LKA,directed,2347,202500
THA,ITA,directed,2534,202500
BRA,CAN,directed,248,202470
SGP,TUR,directed,2163,200937
SWE,COL,directed,474,200213
SGP,MWI,directed,1372,200000
MAR,TUN,directed,2618,199858
DNK,ESP,directed,2209,199666
DNK,ESP,directed,613,198966
CAN,TZA,directed,347,198000
CYP,SGP,directed,2078,198000
PRK,MEX,directed,1502,196087
DEU,NPL,directed,890,195909
HUN,BGD,directed,102,195898
ESP,PER,directed,2277,195277
AUT,SGP,directed,2063,194565
JPN,MUS,directed,1269,194269
DEU,QAT,directed,915,193498
PRT,SAU,directed,2024,193364
JPN,MAR,directed,1274,192745
NZL,THA,directed,1625,192662
CHE,COL,directed,2376,192538
ITA,COL,directed,450,190242
CAN,NOR,directed,317,189988
YUG,DNK,directed,560,189828
CAN,PRT,directed,325,189147
CHE,ROU,directed,2467,186500
NZL,BEL,directed,1563,184933
SGP,ITA,directed,2108,183991
IND,NPL,directed,1045,182088
VEN,PRY,directed,1675,180658
USA,HUN,directed,2837,180231
SAU,CAF,directed,1967,178847
DEU,MDG,directed,1346,178429
CHE,NZL,directed,2449,177925
ECU,MEX,directed,1506,177851
IDN,ARE,directed,1161,177029
ESP,AUS,directed,77,176967
GBR,MWI,directed,1376,176771
JPN,CRI,directed,1212,176208
BRA,SWE,directed,215,175667
BRA,GHA,directed,166,175500
VEN,MEX,directed,1556,175053
DNK,IND,directed,1016,173592
DEU,CUB,directed,806,173191
MEX,LKA,directed,2334,172857
BRA,CMR,directed,138,172000
THA,BEL,directed,2509,170101
ROU,PAK,directed,1937,170000
FIN,AUS,directed,672,169857
BEL,COL,directed,419,169398
JPN,CYP,directed,1215,168808
THA,LAO,directed,2538,167875
ISR,FIN,directed,715,167859
BRA,MWI,directed,1363,167080
USA,MLI,directed,2864,167000
ESP,BGD,directed,119,165448
USA,ISL,directed,2839,165428
ARE,KOR,directed,1892,165000
CAN,BGD,directed,96,164875
AUS,PYF,directed,26,164373
NZL,CHN,directed,1571,163924
CHN,NZL,directed,1572,163497
NZL,USA,directed,1630,163282
JPN,OMN,directed,1285,162912
TUR,BGR,directed,2640,162084
JPN,PNG,directed,1289,162000
NZL,PHL,directed,1609,161503
CAN,MWI,directed,1364,161263
TUN,FRA,directed,2608,160470
SAU,FJI,directed,1975,160000
TUR,SGP,directed,2164,160000
DNK,USA,directed,2807,159218
MEX,AUS,directed,1478,158792
IND,MYS,directed,1420,158743
USA,AGO,directed,2763,158365
ESP,AUS,directed,2179,157067
ESP,MRT,directed,2260,156495
IDN,DEU,directed,1112,155803
CHE,NZL,directed,1624,155119
IDN,LKA,directed,2328,154562
ARG,MEX,directed,1477,153916
BRA,TZA,directed,226,153000
DEU,PNG,directed,905,152761
NLD,ECU,directed,657,152288
NLD,PRY,directed,1667,151538
CRI,JAM,directed,1172,150050
QAT,JPN,directed,1298,150000
BGR,ESP,directed,2189,150000
PRT,AUS,directed,1680,149324
ESP,URY,directed,2310,149159
IRN,IDN,directed,1118,148500
USA,SLE,directed,2910,148367
PRT,AUS,directed,66,148349
USA,BGR,directed,2786,148007
DNK,EGY,directed,551,147554
THA,AUT,directed,2505,147304
USA,BLZ,directed,2780,146759
NOR,OMN,directed,1647,146359
USA,GAB,directed,2827,146256
ISR,JPN,directed,1255,145433
DEU,ALB,directed,768,145079
CAN,ESP,directed,333,144963
FIN,ARE,directed,2728,144652
BRA,ISR,directed,175,144000
USA,MDG,directed,1361,143853
JPN,KEN,directed,1259,142936
DEU,BEN,directed,784,142284
JPN,HUN,directed,1245,141202
FIN,IRL,directed,712,141075
ARE,BGD,directed,124,141000
DEU,CAF,directed,796,140393
PAK,TUR,directed,2693,140000
USA,ABW,directed,2768,138493
ITA,BGD,directed,106,138187
USA,NER,directed,2882,137554
IDN,PAK,directed,1136,137500
MEX,IDN,directed,1128,137132
USA,PRY,directed,1674,136834
SUN,KOR,directed,1813,135988
CHL,VEN,directed,402,135487
FIN,SEN,directed,745,135230
CHE,SAU,directed,2470,135157
PER,USA,directed,2892,135089
CHE,MEX,directed,1547,134845
TUR,TUN,directed,2628,134550
ISR,ECU,directed,653,133601
DNK,IND,directed,572,133464
USA,GRD,directed,2832,133376
SGP,EGY,directed,2085,133014
BEL,LKA,directed,2319,132747
CAN,SEN,directed,331,132000
IND,ESP,directed,1066,131777
PRT,ISL,directed,986,130023
USA,AFG,directed,2760,129945
CHN,DNK,directed,543,129764
CHE,BGR,directed,2366,128963
IND,LKA,directed,1068,127834
AUS,FRA,directed,24,127029
CAN,PAN,directed,320,125464
TUR,TUN,directed,2711,125000
BEL,ROU,directed,1902,124517
FRA,MWI,directed,1366,124447
DNK,BRA,directed,152,124050
CHE,MEX,directed,2440,123192
DEU,MDG,directed,873,122602
LKA,SGP,directed,2155,121398
FIN,ARE,directed,758,121040
DEU,TTO,directed,2586,120902
COL,SGP,directed,2077,120679
KOR,CCK,directed,1796,120000
PRT,IRL,directed,1725,119820
DEU,GAB,directed,837,119388
IDN,USA,directed,1166,119299
MUS,JPN,directed,1270,119160
PRT,TUN,directed,1766,119000
ISR,SGP,directed,2107,118550
GRC,ESP,directed,2234,118206
MEX,JAM,directed,1178,117058
TUR,YEM,directed,2718,116984
FIN,GHA,directed,702,116704
PAK,BGD,directed,110,116566
BRA,MWI,directed,185,116500
USA,ZMB,directed,2940,116421
BRA,MDG,directed,1340,116312
ESP,ETH,directed,2219,116190
PRT,GAB,directed,1714,115601
CHE,VEN,directed,2496,114724
SWE,TUN,directed,2626,114529
COL,HND,directed,443,114252
SGP,MEX,directed,1540,114227
PRT,DNK,directed,1702,114003
CHN,PRT,directed,1695,113812
HUN,AUS,directed,32,112875
CYP,EGY,directed,490,111877
ITA,NZL,directed,1591,111594
BRA,TUR,directed,2639,111000
PRK,MYS,directed,1403,110983
BRA,CHE,directed,217,110878
PRT,AGO,directed,1677,110658
NZL,KOR,directed,1855,110400
TZA,TTO,directed,2599,109831
AUT,OMN,directed,1634,109050
GMB,MYS,directed,1415,109000
AUS,NCL,directed,53,108737
DNK,CYP,directed,489,108208
THA,ISR,directed,2532,108000
NOR,IDN,directed,1135,107749
JPN,ZWE,directed,1338,107000
BGR,ROU,directed,1904,107000
PAK,IDN,directed,1137,106250
NZL,WSM,directed,1614,105727
MEX,NIC,directed,1529,105635
IND,PRK,directed,1014,105000
ESP,NER,directed,2269,105000
DEU,JAM,directed,864,104975
MYS,LKA,directed,2332,104964
GBR,PRY,directed,1672,104558
ARG,THA,directed,2502,104375
ARE,IDN,directed,1162,104000
KOR,PCI,directed,1810,104000
DNK,TUR,directed,2650,103585
CHL,BRA,directed,362,103366
MEX,PHL,directed,1535,103000
IDN,USA,directed,2843,102937
IRQ,IDN,directed,1119,102898
SAU,MDG,directed,1355,102898
GAB,MYS,directed,1414,102898
SAU,UGA,directed,2048,102898
NZL,SLB,directed,1619,102348
MYS,IND,directed,1419,102346
DNK,CAN,directed,262,102324
USA,CYM,directed,2790,102198
TUR,ALB,directed,2631,102000
CHL,USA,directed,400,101349
CHE,CYP,directed,520,100556
POL,COL,directed,468,100000
IDN,KOR,directed,1144,100000
MEX,MYS,directed,1526,100000
ROU,THA,directed,2558,100000
TUR,MLT,directed,2685,100000
KOR,MEX,directed,1538,99548
DEU,JAM,directed,1175,99361
DNK,CYP,directed,546,99154
ESP,HUN,directed,2236,99097
PRT,MLI,directed,1736,99050
CAN,CYP,directed,258,99000
COL,CCK,directed,428,99000
LKA,IDN,directed,1154,99000
BRA,CHE,directed,2365,99000
CHL,BRA,directed,142,98838
DEU,TTO,directed,943,98421
PHL,MYS,directed,1446,98148
ARG,PRT,directed,1679,98000
JPN,QAT,directed,1297,97650
SGP,BHR,directed,2064,97250
THA,CHE,directed,2566,96625
JPN,URY,directed,1329,96495
IRL,TUR,directed,2673,96234
CAN,MWI,directed,303,96000
KOR,DNK,directed,608,95555
DNK,PRT,directed,1703,95531
PRT,BRA,directed,1687,95162
CHE,JOR,directed,2430,94630
ESP,GTM,directed,2235,94420
KOR,MEX,directed,1848,93714
CAN,BGD,directed,241,93500
CHN,FIN,directed,684,93374
ESP,OMN,directed,1652,93163
JOR,DEU,directed,868,92300
JPN,SLV,directed,1226,91894
CHE,ARE,directed,2754,91737
FIN,CAN,directed,681,91434
MYS,LKA,directed,1459,91154
THA,ROU,directed,1946,91000
IND,THA,directed,1073,90506
CHE,CHL,directed,394,90112
IND,JPN,directed,1036,90011
MYS,NGA,directed,1438,90000
TTO,LCA,directed,2595,89995
KOR,DNK,directed,1802,89878
IRL,MEX,directed,1520,89815
MYS,AUS,directed,46,89433
ISR,AUS,directed,39,89003
ROU,ISR,directed,1926,89000
FIN,OMN,directed,1637,88832
ESP,POL,directed,2280,88797
CHE,ARE,directed,2488,88130
IND,DEU,directed,1025,87933
DEU,BRB,directed,781,87749
ECU,CHL,directed,640,87000
CHE,NGA,directed,2451,86676
CHN,ARE,directed,2725,86158
AUT,KOR,directed,1784,86142
IND,TZA,directed,1084,85990
BRA,JAM,directed,178,85230
PHL,ESP,directed,2279,85000
DNK,USA,directed,630,83800
IND,THA,directed,2527,83341
FIN,BRA,directed,159,83300
IDN,BRA,directed,1096,82964
MYS,AUS,directed,1384,82584
COL,AUS,directed,414,82500
CHE,PER,directed,2458,82132
IDN,ARE,directed,2735,82122
KOR,AUT,directed,1783,82112
IRL,KOR,directed,1834,82058
MAR,SAU,directed,2010,82000
CHL,ECU,directed,641,81856
NZL,TON,directed,1627,81807
MYS,USA,directed,2863,81613
LBN,SAU,directed,2003,81605
DEU,RWA,directed,920,81498
CHE,CYP,directed,2383,81158
PRT,TGO,directed,1765,80500
DNK,BRA,directed,536,80456
MYS,NLD,directed,1434,80269
EGY,MYS,directed,1406,80000
COL,CYP,directed,430,79363
CAN,SAU,directed,1966,79337
IND,KEN,directed,1038,79295
DNK,YUG,directed,559,78740
AUT,NZL,directed,1562,78640
IDN,BGD,directed,104,78625
SUN,DNK,directed,558,78601
CHL,IDN,directed,1101,78479
ESP,NZL,directed,2267,78464
DEU,BDI,directed,792,78300
CHL,ECU,directed,370,78260
JOR,ARE,directed,2740,77679
CHE,CHL,directed,2373,76807
JPN,YEM,directed,1336,76702
FIN,AUT,directed,674,76350
ISL,DNK,directed,976,75851
BGR,DNK,directed,538,75660
AUS,FIN,directed,20,75601
ESP,QAT,directed,2284,75148
HUN,ROU,directed,1922,74674
JPN,ROU,directed,1931,74500
CAN,CYP,directed,488,74250
ARG,CAN,directed,235,74226
AUS,FIN,directed,673,73810
CHE,CIV,directed,2381,73555
DEU,HTI,directed,846,72995
NZL,NCL,directed,1601,72136
SGP,SYC,directed,2150,72100
BRA,HND,directed,169,72050
COL,HTI,directed,442,71500
CAN,KEN,directed,300,71000
SWE,LKA,directed,2344,70539
KOR,BRA,directed,1789,70431
ESP,NZL,directed,1621,70120
YUG,OMN,directed,1638,69601
POL,IND,directed,1056,68562
IDN,NLD,directed,1129,68456
PRT,FIN,directed,740,68352
JPN,ECU,directed,655,68107
BRA,MDG,directed,184,68000
BRA,MLI,directed,187,68000
PRT,TUN,directed,2621,67249
DEU,HND,directed,847,67220
MOZ,CYP,directed,510,67199
CHE,SEN,directed,2472,67002
MYS,DEU,directed,876,66893
THA,DEU,directed,940,66239
MEX,MYS,directed,1432,66125
PRT,MYS,directed,1735,66000
CAN,TUN,directed,2605,65562
AUS,SLB,directed,75,65353
DNK,IRL,directed,575,65287
USA,MUS,directed,2867,65256
CAN,MLI,directed,305,65000
KOR,LBR,directed,1842,65000
FIN,SAU,directed,1977,64984
CHE,ECU,directed,665,64736
THA,KOR,directed,1887,64680
CHN,TTO,directed,2582,64476
SGP,MDV,directed,2117,64354
FIN,COL,directed,435,64349
CAN,VNM,directed,352,64000
KOR,HUN,directed,1825,64000
DNK,PRT,directed,605,63579
FIN,KOR,directed,741,62943
SGP,BRA,directed,2068,62261
IDN,NZL,directed,1131,61937
AUS,ARE,directed,2719,61409
IND,SGP,directed,1064,61404
AUS,GBR,directed,87,61316
NLD,BGD,directed,109,60784
FRA,TTO,directed,2585,60713
AUS,BRN,directed,9,60475
PNG,IDN,directed,1138,60437
COL,GIB,directed,440,60011
IDN,NZL,directed,1587,60000
SAU,WSM,directed,2028,60000
ARE,LKA,directed,2752,60000
MSR,USA,directed,2871,60000
JPN,ECU,directed,1224,59300
CYP,LBN,directed,508,58842
CHE,YEM,directed,2498,58199
GRC,ARE,directed,2732,57968
SGP,SWE,directed,2156,57858
NOR,COL,directed,462,57375
CYP,ISR,directed,503,56932
ESP,MWI,directed,1373,56628
FRA,BGD,directed,100,56572
MYS,FRA,directed,1411,56569
NOR,NZL,directed,1605,56482
ITA,OMN,directed,1643,56221
IRL,PRT,directed,1726,56105
URY,PRT,directed,1773,56000
SWE,ECU,directed,664,55843
CAN,BOL,directed,246,55000
IND,DEU,directed,853,54604
BGR,THA,directed,2512,54024
ROU,CMR,directed,1905,54000
MYS,GBR,directed,1470,53992
USA,MOZ,directed,2873,53881
CHE,MUS,directed,2439,53506
BRA,SLV,directed,157,53077
CHE,TUN,directed,2485,52739
FIN,MWI,directed,1365,52628
PRT,COG,directed,1697,52546
COL,BHS,directed,417,52500
CHE,KEN,directed,2431,52382
JPN,ROU,directed,1301,52124
CHE,PHL,directed,2459,52068
BRA,MUS,directed,188,52000
JPN,BOL,directed,1198,52000
PRT,CYM,directed,1692,52000
THA,PRT,directed,2554,52000
TUR,KWT,directed,2680,51980
VEN,JAM,directed,1185,51625
AND,ESP,directed,2175,51558
DEU,VNM,directed,959,51331
ITA,MDG,directed,1348,51229
CHE,IND,directed,2417,51117
KOR,ALB,directed,1779,51000
BRA,POL,directed,203,50878
CAN,ISL,directed,974,50421
IND,PHL,directed,1055,50312
IND,BEL,directed,1004,50210
TUR,IRQ,directed,2671,50113
KOR,NIC,directed,1856,50062
POL,AUS,directed,64,50000
ROU,CYP,directed,1907,50000
SAU,PRY,directed,2021,50000
CSK,SGP,directed,2080,50000
NZL,IRL,directed,1588,49952
CRI,ECU,directed,645,49875
PRT,SAU,directed,1754,49714
URY,PRY,directed,1673,49237
PRT,FIN,directed,1707,49190
USA,NPL,directed,2875,48683
AUS,NPL,directed,50,48625
CAN,QAT,directed,326,48625
ARE,YEM,directed,2759,48000
ESP,SLV,directed,2214,47886
USA,PRY,directed,2890,47685
IND,NLD,directed,1046,47125
JPN,OMN,directed,1644,46890
FIN,HUN,directed,704,46606
DEU,BFA,directed,791,46562
MEX,DNK,directed,591,46480
PRT,CHE,directed,1762,46225
AUS,MEX,directed,1479,45562
SGP,BRA,directed,211,45546
DEU,MWI,directed,874,45498
PRT,CHE,directed,2463,45342
IND,TUR,directed,2668,45097
NZL,DEU,directed,1582,45057
ESP,BHR,directed,2182,45000
CHE,QAT,directed,2464,44780
CHN,JAM,directed,1170,44745
USA,MWI,directed,1377,44479
ECU,USA,directed,668,44000
CHE,TUN,directed,2627,43978
MYS,KOR,directed,1451,43907
NOR,BRA,directed,196,43574
ARG,NZL,directed,1558,43519
TUR,MAR,directed,2687,43003
COL,GBR,directed,477,43000
NLD,CHN,directed,409,42452
DEU,SDN,directed,829,42240
IND,NGA,directed,1049,42233
PER,COL,directed,467,42000
MYS,KOR,directed,1846,41868
DEU,PRK,directed,811,41800
FIN,KOR,directed,1809,41733
DEU,SYC,directed,925,41472
CAN,BGR,directed,249,41398
PRT,YUG,directed,1710,41250
USA,BMU,directed,2781,41217
DNK,GRL,directed,567,41134
IND,SWE,directed,1070,41070
DNK,CHN,directed,542,40910
DNK,IDN,directed,1107,40811
IDN,GBR,directed,1163,40530
FIN,TZA,directed,761,40424
CHE,ECU,directed,2392,40216
ECU,COL,directed,643,40000
JPN,TZA,directed,1328,40000
ESP,CSK,directed,2204,39875
ARE,CHE,directed,2489,39875
DNK,CAN,directed,539,39715
KOR,MMR,directed,1850,39066
SUN,IDN,directed,1109,39000
AUT,JPN,directed,1192,38647
KOR,CHL,directed,390,38374
BEL,TTO,directed,2578,38225
IND,IDN,directed,1117,38125
FIN,CSK,directed,688,37966
ISL,ESP,directed,988,37800
SGP,AUT,directed,2062,37628
DNK,IRN,directed,574,37521
USA,KNA,directed,2903,37161
NZL,KOR,directed,1612,37061
PRT,ARG,directed,1678,37000
KOR,BRA,directed,207,36601
GBR,GUY,directed,967,36523
NZL,NPL,directed,1598,36480
ISL,DNK,directed,571,36425
USA,NCL,directed,2878,36390
CHE,GHA,directed,2408,36367
BLZ,MYS,directed,1392,36347
DNK,MYS,directed,1404,36333
NOR,TUN,directed,2620,36164
MEX,ISR,directed,1521,36144
CHN,MEX,directed,1493,36000
NLD,MDG,directed,1351,35812
SWE,TTO,directed,2596,35761
IDN,SAU,directed,1147,35655
TUR,USA,directed,2928,35574
IDN,MEX,directed,1518,35523
SGP,CHE,directed,2158,35500
ITA,ISL,directed,982,35207
NLD,MWI,directed,1370,35056
ESP,PRK,directed,2206,35027
CAN,GHA,directed,279,35000
IRN,CAN,directed,290,35000
KOR,CHL,directed,1793,35000
NZL,DEU,directed,895,34840
PCI,KOR,directed,1811,34500
CYP,IRN,directed,501,34300
COL,IND,directed,445,34000
COL,NLD,directed,457,34000
IND,CHN,directed,1010,34000
COL,IND,directed,1012,34000
USA,RWA,directed,2902,33667
LKA,BGD,directed,120,33648
MYS,NZL,directed,1436,33608
CHL,CRI,directed,368,33597
KOR,OMN,directed,1649,33449
USA,MDG,directed,2861,33394
DEU,GIN,directed,844,33324
SGP,MDG,directed,1356,33222
PRT,CMR,directed,1690,33050
DNK,THA,directed,620,33033
CAN,MDG,directed,302,33000
THA,NPL,directed,2543,33000
THA,ESP,directed,2562,33000
MEX,LKA,directed,1543,32867
AUS,BRA,directed,7,32566
PRT,CIV,directed,1698,32500
JAM,TTO,directed,1182,32414
AUS,DEU,directed,776,32370
DEU,PYF,directed,836,32312
NZL,PYF,directed,1581,32291
JAM,TTO,directed,2591,32280
MYS,NZL,directed,1596,32092
HTI,ECU,directed,651,32000
JPN,SYR,directed,1318,32000
KOR,MDG,directed,1354,32000
KOR,LBN,directed,1841,32000
KOR,MDG,directed,1844,32000
IRL,IND,directed,1033,31601
AUT,BGD,directed,93,31199
DEU,NIC,directed,896,31170
AUT,AUS,directed,3,31020
IND,AUS,directed,998,30875
DNK,JPN,directed,1221,30705
USA,MSR,directed,2870,30621
JPN,DZA,directed,1187,30539
ROU,AUS,directed,70,30500
SWE,BGD,directed,121,30421
IND,LKA,directed,2327,30402
BHR,SAU,directed,1960,30390
CAN,TUN,directed,342,30000
IND,CHL,directed,1009,30000
TUR,MYS,directed,1467,30000
USA,MMR,directed,2874,30000
JPN,YUG,directed,1235,29950
AUS,SWE,directed,79,29875
ECU,USA,directed,2812,29800
CHN,THA,directed,410,29784
FIN,PER,directed,735,29338
JPN,LBY,directed,1263,28897
DEU,MMR,directed,889,28869
AUT,CAN,directed,239,28683
PHL,THA,directed,2551,28533
URY,MEX,directed,1552,28280
KOR,POL,directed,1867,28000
FIN,COL,directed,685,27976
THA,NZL,directed,1626,27812
COL,SLV,directed,434,27810
JPN,MLT,directed,1268,27768
AUS,BRA,directed,132,27564
MEX,SWE,directed,1544,27437
AUT,MEX,directed,1480,27359
KEN,MWI,directed,1369,27351
TUR,YUG,directed,2656,27312
NOR,CHL,directed,385,27311
IRL,FIN,directed,713,27128
COL,KWT,directed,453,27113
IND,MYS,directed,1041,26999
NZL,CHL,directed,384,26800
DNK,OMN,directed,599,26572
PRT,BRA,directed,205,26445
IRL,CHL,directed,378,26377
CAN,MUS,directed,308,26000
IDN,BGD,directed,1093,26000
GBR,CHN,directed,411,25936
PRT,USA,directed,1774,25800
DEU,COG,directed,803,25671
SGP,JAM,directed,1180,25562
DNK,AUS,directed,18,25551
SAU,SOM,directed,2033,25460
GMB,ESP,directed,2227,25207
ISR,CAN,directed,294,25164
PAK,KOR,directed,1862,25000
ROU,CSK,directed,1908,25000
PRY,DEU,directed,907,24800
SYR,SAU,directed,2042,24781
CAN,MDG,directed,1341,24750
DEU,DMA,directed,818,24413
TGO,DEU,directed,942,24398
SGP,IRL,directed,2104,24398
FRA,ISL,directed,979,24078
POL,MDG,directed,1353,24000
IDN,KOR,directed,1831,24000
KOR,PAN,directed,1863,24000
FRO,PRT,directed,1706,23375
CHE,ETH,directed,2397,23273
PHL,IDN,directed,1140,23250
AUS,ARE,directed,86,23249
NOR,MEX,directed,1530,23242
BGR,CHE,directed,2367,23195
KOR,HND,directed,1824,23136
SWE,ROU,directed,1941,23000
ARE,ESP,directed,2306,22980
AUS,DEU,directed,27,22445
CHE,URY,directed,2493,22349
DEU,MLI,directed,878,22045
COL,MYS,directed,1401,22000
CSK,KOR,directed,1801,22000
DEU,MOZ,directed,888,21972
ESP,OMN,directed,2273,21964
IRN,ARE,directed,2736,21839
DEU,UGA,directed,947,21800
OMN,ARE,directed,1655,21500
CAN,CSK,directed,259,21437
USA,AIA,directed,2764,21381
IRL,IDN,directed,1120,21352
NZL,CHL,directed,1570,21272
COL,SAU,directed,471,21250
NOR,LKA,directed,2337,21062
CHE,BGD,directed,2358,21037
CHE,SYC,directed,2473,20863
ITA,PRY,directed,1664,20834
IRL,COL,directed,447,20808
THA,KOR,directed,2556,20745
DEU,FJI,directed,824,20699
CSK,USA,directed,2803,20687
POL,PRT,directed,1750,20398
CHE,DZA,directed,2350,20380
PER,CHL,directed,388,20296
DEU,TGO,directed,941,20108
CRI,MEX,directed,1497,20010
NZL,JPN,directed,1592,20005
CAN,GUY,directed,283,20000
ECU,DNK,directed,550,20000
JPN,CIV,directed,1213,20000
CSK,MEX,directed,1500,20000
ROU,POL,directed,1938,20000
MEX,SAU,directed,2008,20000
GIB,ESP,directed,2232,20000
CHN,BRA,directed,144,19951
SUN,CHE,directed,2400,19909
CAN,GAB,directed,276,19800
CAN,GRD,directed,281,19800
PRT,MLT,directed,1737,19625
EGY,ARE,directed,2727,19511
TUN,IDN,directed,1159,19374
SGP,SLB,directed,2151,19331
MEX,PRY,directed,1533,19249
DNK,NGA,directed,596,19061
DZA,SAU,directed,1954,19000
KEN,USA,directed,2856,18925
NZL,NLD,directed,1599,18906
PRT,NOR,directed,1746,18875
AUS,CHE,directed,2354,18853
IND,NZL,directed,1585,18808
ISR,DNK,directed,578,18658
ESP,CRI,directed,2199,18592
ISL,SWE,directed,990,18500
DEU,NER,directed,897,18398
AUS,SUN,directed,22,18300
MUS,AUS,directed,48,18031
COL,DEU,directed,437,18000
IDN,LKA,directed,1153,18000
ZMB,MWI,directed,1379,18000
FRO,MYS,directed,1407,18000
THA,PRT,directed,1764,18000
JOR,SAU,directed,1999,18000
FIN,JOR,directed,720,17976
TUR,NGA,directed,2690,17941
USA,CAF,directed,2791,17878
DNK,UGA,directed,625,17749
ETH,MYS,directed,1409,17699
ESP,GIB,directed,2231,17638
SGP,MAR,directed,2121,17601
TUR,ISR,directed,2674,17574
THA,NZL,directed,2546,17546
SGP,ETH,directed,2089,17500
CHE,ZWE,directed,2500,17440
IND,AUS,directed,34,17322
IND,EGY,directed,1017,17250
DNK,JPN,directed,581,17188
PHL,JPN,directed,1293,17000
CIV,KOR,directed,1800,17000
SGP,MDG,directed,2114,17000
IDN,CAN,directed,1099,16980
CYP,SAU,directed,515,16949
USA,PCI,directed,2819,16909
AUS,CHE,directed,81,16875
PRT,URY,directed,1772,16750
DJI,DEU,directed,817,16699
DNK,MDG,directed,1344,16687
DNK,JOR,directed,583,16628
PRT,RWA,directed,1753,16574
FIN,BGD,directed,99,16500
COL,PRT,directed,469,16500
ATG,MYS,directed,1382,16500
FIN,MEX,directed,1508,16500
COL,PRT,directed,1696,16500
SGP,KWT,directed,2113,16500
LKA,ITA,directed,2329,16500
NPL,LKA,directed,2335,16500
IND,BHR,directed,1001,16436
AUS,ZWE,directed,91,16300
CHE,LKA,directed,2345,16112
NZL,LKA,directed,1622,16101
PRT,NZL,directed,1744,16050
PRT,NZL,directed,1610,16025
CAN,PNG,directed,321,16000
JPN,PRY,directed,1290,16000
KOR,MUS,directed,1847,16000
KOR,NOR,directed,1859,16000
SAU,SEN,directed,2029,16000
ESP,MWI,directed,2257,16000
HUN,LKA,directed,2326,16000
ISR,THA,directed,2533,16000
TUR,UGA,directed,2712,16000
FIN,SAU,directed,743,15968
FIN,BGR,directed,679,15856
KOR,BHR,directed,1785,15812
GRC,AUS,directed,30,15625
MYS,BHR,directed,1387,15625
MYS,TZA,directed,1472,15625
SGP,TZA,directed,2169,15625
CHE,GIN,directed,2412,15437
IND,KWT,directed,1039,15375
DNK,TUR,directed,623,15362
IDN,AUS,directed,36,15159
JPN,TTO,directed,2592,15125
BRA,TUR,directed,222,15000
LKA,IND,directed,1069,15000
IDN,ESP,directed,1151,15000
PAK,JPN,directed,1287,15000
BGR,MYS,directed,1396,15000
TON,MYS,directed,1465,15000
IRQ,PRT,directed,1724,15000
SGP,SYR,directed,2160,15000
EGY,ESP,directed,2213,15000
IDN,ESP,directed,2242,15000
LBY,ESP,directed,2256,15000
EGY,TUR,directed,2652,15000
ARE,BHR,directed,2721,15000
USA,PRK,directed,2804,15000
LKA,MDV,directed,2333,14538
JPN,BGR,directed,1202,14280
MYS,BRN,directed,1395,14173
ESP,MDG,directed,1357,14125
IDN,SAU,directed,1991,14124
COL,ISR,directed,448,14000
FIN,ZWE,directed,766,14000
BHR,USA,directed,2775,14000
CHE,SYR,directed,2482,13662
SUN,CYP,directed,493,13625
JPN,TTO,directed,1321,13625
ESP,DOM,directed,2210,13625
ISL,GBR,directed,993,13562
CHE,CRI,directed,2379,13366
CHE,COD,directed,2388,13249
CAN,MRT,directed,307,13000
KOR,FJI,directed,1807,13000
ESP,BGD,directed,2183,13000
CYP,SAU,directed,1971,12960
FIN,CRI,directed,686,12957
IND,MWI,directed,1040,12875
IRL,SGP,directed,2105,12872
PRK,CHE,directed,2387,12722
CHL,AUS,directed,357,12500
URY,CHL,directed,399,12374
MEX,PRY,directed,1666,12294
CHL,AUS,directed,13,12250
JPN,GRL,directed,1242,12250
DNK,MYS,directed,588,12187
ECU,BRA,directed,155,12125
USA,WSM,directed,2906,12125
ESP,ISL,directed,2238,12011
IND,GHA,directed,1027,12000
JPN,ISL,directed,1247,12000
JPN,HND,directed,1244,11886
PRT,ECU,directed,1704,11875
IDN,DEU,directed,855,11687
CYP,LBY,directed,509,11589
BRA,HUN,directed,170,11562
TTO,GUY,directed,2588,11496
FIN,MEX,directed,725,11473
CHE,MDG,directed,2435,11375
FJI,NZL,directed,1578,11312
DNK,KEN,directed,584,11268
IDN,MRT,directed,1127,11124
DNK,KOR,directed,607,11084
PYF,MYS,directed,1413,11000
THA,FIN,directed,2520,11000
JPN,PCI,directed,1231,10937
JPN,GTM,directed,1243,10937
CHE,LKA,directed,2479,10791
DNK,LBY,directed,586,10562
CHE,ISL,directed,2416,10518
BGR,IDN,directed,1098,10148
ISR,JAM,directed,1177,10125
FRA,GUY,directed,964,10062
IND,CAN,directed,287,10000
ECU,CHL,directed,371,10000
IRL,OMN,directed,1642,10000
CHE,CAF,directed,2371,10000
CHE,LBN,directed,2433,9825
PHL,KOR,directed,1866,9750
CHE,SLV,directed,2394,9569
MYS,MUS,directed,1430,9557
TUR,IRL,directed,2672,9500
DMA,CAN,directed,264,9437
SAU,IRL,directed,1993,9312
IRL,AUS,directed,37,9148
DNK,SDN,directed,556,9131
DEU,AND,directed,771,9023
JPN,BEN,directed,1197,9000
JPN,MDG,directed,1349,9000
ITA,MWI,directed,1368,9000
SUN,MYS,directed,1410,9000
KOR,SYR,directed,1885,9000
CHE,PRK,directed,2386,9000
IRL,BRA,directed,174,8968
CHL,URY,directed,398,8963
DNK,HUN,directed,568,8686
DNK,KOR,directed,1803,8668
PAN,COL,directed,465,8666
NZL,JPN,directed,1281,8659
FIN,ECU,directed,692,8565
PER,ECU,directed,660,8491
FIN,ECU,directed,648,8485
CHE,NIC,directed,2450,8467
ESP,CPV,directed,2190,8375
CYP,GRC,directed,496,8374
CHE,MDG,directed,1358,8351
CHE,DOM,directed,2391,8312
BGR,CAN,directed,250,8125
IND,CYP,directed,500,8000
THA,TGO,directed,2568,8000
DEU,CHN,directed,406,7726
TTO,GUY,directed,966,7712
AUT,CHL,directed,359,7687
NZL,CAN,directed,1568,7659
SUN,TUN,directed,2607,7625
CHE,ZMB,directed,2499,7589
BEL,ECU,directed,637,7586
CHE,KWT,directed,2432,7521
IND,IRN,directed,1032,7500
NZL,PAK,directed,1606,7500
TZA,IDN,directed,1165,7187
IRL,BGD,directed,105,7128
CYP,JOR,directed,507,7125
CAN,DMA,directed,263,7000
THA,CHL,directed,396,6999
DNK,SGP,directed,2084,6934
DNK,AUS,directed,528,6874
FRA,JAM,directed,1174,6812
CHE,CUB,directed,2382,6808
CHE,AGO,directed,2351,6714
IND,OMN,directed,1641,6685
CHE,OMN,directed,1654,6600
THA,FIN,directed,756,6500
SUN,LKA,directed,2323,6500
DNK,MLT,directed,589,6483
PRT,KOR,directed,1751,6437
PRT,KOR,directed,1870,6437
AUS,MUS,directed,47,6374
CHE,HND,directed,2413,6365
TTO,GRD,directed,2587,6187
SGP,MEX,directed,2119,6136
DNK,YEM,directed,632,6125
NOR,MDG,directed,1352,6125
DNK,LKA,directed,615,6082
CHN,MDG,directed,1342,6019
DNK,ETH,directed,555,6000
DNK,MAR,directed,592,6000
DEU,DJI,directed,816,6000
IND,PAK,directed,1053,6000
IND,TTO,directed,1076,6000
DNK,NZL,directed,595,5976
AUS,CAN,directed,10,5929
IRL,CYP,directed,502,5873
CHE,ISL,directed,992,5871
JPN,MLI,directed,1267,5796
USA,CSK,directed,2802,5784
CHE,BGD,directed,122,5709
MYS,BEL,directed,1390,5687
CYP,SYR,directed,521,5625
THA,CHL,directed,2514,5625
DNK,CSK,directed,547,5503
CYP,GBR,directed,523,5500
KOR,MWI,directed,1371,5500
CHE,MOZ,directed,2444,5500
SUN,CHL,directed,373,5375
NZL,KEN,directed,1594,5375
CHE,CMR,directed,2368,5258
DZA,DEU,directed,770,5250
GTM,JAM,directed,1176,5125
DNK,OMN,directed,1636,5125
CHE,OMN,directed,2454,5011
ECU,PER,directed,659,5000
URY,ECU,directed,667,5000
MYS,MEX,directed,1431,5000
AFG,MEX,directed,1475,5000
IRL,TUN,directed,2613,5000
COL,MYS,directed,454,4944
IRL,PRY,directed,1663,4937
JPN,TUN,directed,2615,4849
DNK,BGD,directed,98,4706
DEU,TCD,directed,797,4687
CHE,SDN,directed,2398,4687
DNK,CIV,directed,545,4530
CAN,YUG,directed,273,4500
DNK,MEX,directed,590,4476
BRA,AIA,directed,128,4312
CHN,CHL,directed,365,4312
FIN,TTO,directed,2584,4312
DNK,CHL,directed,369,4255
MDG,COM,directed,1343,4187
PAK,MYS,directed,1442,4187
ARE,DEU,directed,949,4125
PRT,MOZ,directed,1741,4073
IRL,JPN,directed,1253,4044
DNK,MEX,directed,1503,4031
PRK,JPN,directed,1218,4000
GRC,KOR,directed,1821,4000
KOR,GTM,directed,1823,4000
ESP,PRY,directed,1670,3999
IND,MUS,directed,1043,3921
CAN,GUY,directed,963,3875
JPN,SLB,directed,1310,3851
TTO,BRB,directed,2577,3835
USA,LBR,directed,2860,3812
CHE,GAB,directed,2405,3800
AUS,HUN,directed,31,3750
JPN,CUB,directed,1214,3750
DNK,SGP,directed,611,3704
CHE,RWA,directed,2469,3687
THA,DEU,directed,2523,3687
NZL,ISL,directed,1584,3648
MYS,TTO,directed,1466,3625
IND,OMN,directed,1052,3589
CHE,GTM,directed,2411,3575
ESP,GNQ,directed,2216,3562
PHL,BGD,directed,112,3500
DNK,TZA,directed,629,3500
IND,UGA,directed,1079,3500
GTM,MEX,directed,1514,3499
TUR,IDN,directed,1160,3437
CYP,DEU,directed,808,3374
SWE,OMN,directed,1653,3308
ESP,ISL,directed,989,3300
SUN,IND,directed,1022,3250
BRA,AUT,directed,133,3125
VEN,DEU,directed,958,3124
CAN,CRI,directed,255,3085
NOR,PRY,directed,1668,3085
SWE,JAM,directed,1181,3062
ITA,CHN,directed,408,3000
DNK,CHL,directed,541,3000
PRT,ECU,directed,661,3000
NZL,IND,directed,1048,3000
KOR,SYC,directed,1875,3000
ALB,TUR,directed,2632,3000
COD,TUR,directed,2649,3000
DNK,PHL,directed,602,2949
USA,KIR,directed,2857,2944
DNK,PER,directed,601,2937
DNK,THA,directed,2518,2898
ISL,DEU,directed,851,2875
ISL,AUT,directed,971,2875
CHE,TTO,directed,2597,2817
CHE,PRY,directed,2457,2795
SYR,ROU,directed,1945,2771
ISL,CYP,directed,499,2750
JPN,BRN,directed,1201,2750
NGA,IND,directed,1050,2687
DNK,SUN,directed,557,2682
NZL,GBR,directed,1628,2624
FIN,MOZ,directed,727,2605
MYS,CHE,directed,1461,2593
CYP,PRT,directed,513,2562
IRL,ECU,directed,652,2562
KOR,DOM,directed,1804,2500
KOR,GHA,directed,1819,2500
PAK,DEU,directed,903,2375
USA,ESH,directed,2938,2375
DNK,IDN,directed,573,2359
IRL,ISL,directed,981,2328
DNK,ARE,directed,626,2275
DNK,COL,directed,431,2272
DNK,LBN,directed,585,2187
SGP,DNK,directed,2083,2187
SGP,JOR,directed,2112,2187
ESP,AGO,directed,2176,2187
USA,VGB,directed,2783,2175
DEU,FRO,directed,823,2171
CHE,MWI,directed,1375,2165
AFG,KOR,directed,1778,2125
DEU,MRT,directed,881,2085
PRT,CHL,directed,389,2069
NZL,SAU,directed,1615,2062
ISL,ESP,directed,2239,2062
JPN,LBN,directed,1262,2049
JPN,ISL,directed,983,2040
IND,ROU,directed,1924,2037
CSK,NZL,directed,1574,2034
KOR,ISL,directed,1827,2030
AUS,GRC,directed,29,2000
BRA,GRC,directed,167,2000
PER,BRA,directed,201,2000
CAN,BHS,directed,240,2000
DNK,GMB,directed,563,2000
KOR,ECU,directed,662,2000
JPN,GMB,directed,1238,2000
JPN,SYC,directed,1307,2000
KOR,ECU,directed,1805,2000
LKA,BHR,directed,2318,2000
LKA,PAK,directed,2338,2000
DMA,THA,directed,2519,2000
PHL,TUR,directed,2694,2000
SLV,USA,directed,2815,2000
PRT,USA,directed,2898,2000
MUS,MDG,directed,1350,1921
KOR,ISL,directed,987,1906
PHL,DEU,directed,910,1898
AUS,CAN,directed,237,1876
DEU,IRQ,directed,857,1875
IND,ETH,directed,1019,1812
MYS,MDG,directed,1429,1804
DNK,ISR,directed,577,1798
CHE,BOL,directed,2363,1789
DNK,BHR,directed,531,1750
IRN,MYS,directed,1423,1750
NZL,ARG,directed,1557,1750
USA,AND,directed,2762,1750
BRA,AGO,directed,127,1718
USA,TCA,directed,2929,1690
DEU,GIB,directed,839,1687
PRT,CHL,directed,1693,1687
TTO,VEN,directed,2601,1687
CHE,TTO,directed,2484,1625
IND,TGO,directed,1075,1562
CHE,PRY,directed,1671,1528
AUS,PRT,directed,1681,1523
DEU,BRN,directed,788,1500
IND,TUR,directed,1077,1500
JPN,MNG,directed,1273,1500
NER,KOR,directed,1857,1500
AUS,POL,directed,63,1437
SGP,NCL,directed,2127,1437
FIN,YUG,directed,696,1405
AUS,NFK,directed,56,1401
PRK,DEU,directed,812,1375
BRN,SGP,directed,2071,1375
IRL,MYS,directed,1424,1342
MYS,DEU,directed,1416,1326
HTI,ESP,directed,970,1312
DMA,JPN,directed,1222,1312
AUS,ESP,directed,76,1250
JPN,SPM,directed,1304,1250
CMR,MYS,directed,1397,1250
DNK,BGD,directed,532,1231
PRT,GNB,directed,1720,1218
DEU,GRL,directed,842,1187
IDN,NOR,directed,1134,1187
SGP,CHL,directed,2074,1187
USA,CCK,directed,2795,1187
CHE,NPL,directed,2446,1148
AUS,KIR,directed,44,1125
CAN,BMU,directed,245,1125
CAN,HND,directed,285,1125
NZL,CAN,directed,315,1125
DEU,SLB,directed,929,1125
JPN,COM,directed,1211,1125
IRN,CHE,directed,2421,1125
GBR,MDG,directed,1360,1085
NZL,COK,directed,1573,1083
NZL,NFK,directed,1603,1081
PRK,DNK,directed,549,1062
ESP,PRY,directed,2276,1062
CHE,TZA,directed,2492,1062
CHE,BEN,directed,2362,1053
CAN,SPM,directed,329,1034
DNK,AGO,directed,527,1000
CHL,MEX,directed,1491,1000
TLS,KOR,directed,1888,1000
ROU,CHN,directed,1906,1000
ISR,ROU,directed,1927,1000
SGP,HUN,directed,2099,1000
IND,CHE,directed,2418,1000
JPN,COD,directed,1219,996
AUS,PRT,directed,65,984
JPN,RWA,directed,1303,976
TTO,JAM,directed,2590,929
COL,CAN,directed,423,906
USA,COG,directed,2798,906
DNK,MDG,directed,587,898
DEU,SLE,directed,926,898
AND,PRT,directed,1676,898
COL,PAK,directed,463,867
DNK,ZWE,directed,633,863
THA,GBR,directed,2571,832
NZL,DNK,directed,1575,816
AUS,TON,directed,85,808
SGP,PAN,directed,2136,796
CHE,MLT,directed,2438,778
MYS,CHE,directed,2437,773
CHN,ECU,directed,642,772
ECU,PAN,directed,658,769
ESP,PHL,directed,2278,757
AUS,BEL,directed,5,750
SGP,CSK,directed,2079,750
AND,DNK,directed,526,746
AUT,BRA,directed,134,738
CHE,PAN,directed,2456,738
AUS,WSM,directed,71,699
ESP,ROU,directed,2287,699
CHE,SLE,directed,2474,699
ESP,MOZ,directed,2264,636
NZL,ESP,directed,1620,620
COL,AUT,directed,415,597
TUR,DNK,directed,624,597
JPN,ETH,directed,1230,597
THA,BHR,directed,2507,597
NZL,PER,directed,1608,596
MWI,ZMB,directed,1378,593
DNK,LKA,directed,2322,585
SGP,BGR,directed,2072,546
CHE,BHR,directed,2357,540
JPN,BDI,directed,1203,519
AUS,NOR,directed,57,515
SGP,CHL,directed,391,515
FIN,CHL,directed,372,507
VEN,GUY,directed,969,503
IND,SDN,directed,1020,503
DNK,COL,directed,544,500
DEU,NCL,directed,893,500
MDG,GBR,directed,1359,500
PAN,MEX,directed,1532,500
CHE,TCD,directed,2372,500
THA,TUR,directed,2710,500
THA,POL,directed,2552,496
TUR,JPN,directed,1324,495
CYP,ESP,directed,517,488
AUS,ISR,directed,38,484
SUN,CAN,directed,272,476
AUS,AUT,directed,2,460
TUN,ROU,directed,2623,449
NFK,COL,directed,460,429
NZL,AUT,directed,1561,426
ARE,THA,directed,2570,425
IND,AFG,directed,996,417
MAR,DEU,directed,887,398
CSK,ISL,directed,975,398
PRT,COD,directed,1701,398
PER,KOR,directed,1864,398
GRC,SGP,directed,2098,398
BRA,DOM,directed,153,390
DMA,MYS,directed,1405,375
CHE,COG,directed,2378,375
SAU,IRQ,directed,1992,371
DNK,ARE,directed,2726,364
ZWE,DNK,directed,634,359
AUS,NRU,directed,49,347
JPN,TUN,directed,1322,327
THA,AFG,directed,2501,312
CHE,MNG,directed,2442,308
CRI,ESP,directed,2200,304
PHL,AUS,directed,62,296
DNK,BRB,directed,533,296
SGP,DNK,directed,612,296
DNK,TTO,directed,621,296
FJI,DEU,directed,825,296
DEU,GUY,directed,845,296
DEU,MDV,directed,877,296
MLT,DEU,directed,880,296
SLV,JAM,directed,1173,296
NZL,NOR,directed,1604,296
POL,USA,directed,2896,296
DNK,TUN,directed,2606,294
IRL,NZL,directed,1589,289
IND,TTO,directed,2589,277
NZL,VUT,directed,1632,269
SLV,ESP,directed,2215,269
MEX,BLZ,directed,1483,257
USA,VUT,directed,2935,253
PRT,GTM,directed,1719,250
ABW,TTO,directed,2576,250
IND,YEM,directed,1087,246
LBN,ROU,directed,1933,246
FIN,ZMB,directed,765,238
NZL,NIU,directed,1602,238
ARE,SAU,directed,2748,238
ISL,CHL,directed,377,230
MYS,PRT,directed,1448,230
ESP,GMB,directed,2226,226
KOR,JAM,directed,1837,214
NZL,BRA,directed,1566,210
ISR,NZL,directed,1590,203
ARE,TUR,directed,2714,203
CAN,POL,directed,324,199
IND,FIN,directed,708,199
DEU,WSM,directed,921,199
VEN,JPN,directed,1334,199
KEN,MYS,directed,1428,199
CHE,GIB,directed,2409,199
CHL,PRY,directed,386,187
FIN,LKA,directed,750,187
NZL,VEN,directed,1633,179
JPN,PAN,directed,1288,152
URY,COL,directed,479,149
CHE,MMR,directed,2445,148
JPN,SDN,directed,1232,136
NZL,BOL,directed,1565,136
JPN,MDV,directed,1266,132
MYS,BRA,directed,1393,128
PER,PRY,directed,1669,125
CYP,SUN,directed,492,117
CSK,ECU,directed,646,117
TUN,GRC,directed,2611,113
IND,MDG,directed,1347,109
BRB,MYS,directed,1389,101
ARE,CYP,directed,522,97
DNK,PAK,directed,600,97
URY,DEU,directed,954,97
GTM,IDN,directed,1114,97
JPN,VUT,directed,1332,97
MYS,PAN,directed,1443,97
SGP,NOR,directed,2131,97
CHE,VNM,directed,2497,97
IRN,THA,directed,2530,97
CHL,THA,directed,395,82
FIN,VNM,directed,764,82
SWE,MWI,directed,1374,82
KOR,GRL,directed,1822,82
AUS,ECU,directed,636,78
AUT,ISL,directed,972,66
AUS,CCK,directed,16,62
IRL,ARE,directed,2737,62
JPN,KIR,directed,1260,61
CHE,BRB,directed,2359,60
DNK,TUN,directed,622,56
GTM,CHL,directed,376,54
ESP,BGR,directed,2188,52
COL,CHE,directed,2377,50
NZL,TTO,directed,2594,50
AUS,TUR,directed,2634,47
DNK,NZL,directed,1576,44
PRT,JPN,directed,1296,40
ISL,MEX,directed,1516,38
DNK,ECU,directed,647,31
AUS,CHL,directed,12,30
IDN,FIN,directed,710,30
CHE,UGA,directed,2487,27
CRI,CHE,directed,2380,22
YUG,IDN,directed,1110,20
AUS,CHL,directed,358,16
SGP,CHE,directed,2476,10
JPN,DOM,directed,1223,9
JPN,PRY,directed,1665,9
